79 45
80 44
81 43
82 42
83 42
84 42
85 42
86 42
87 42
88 42
89 42
90 42
91 42
92 42
93 42
94 42
95 42
96 42
97 42
98 42
99 42
100 42
101 42
102 42
103 42
104 42
105 42
106 42
107 42
108 42
109 42
110 42
111 42
112 42
113 42
114 42
115 42
116 42
117 42
118 42
119 42
120 42
121 42
122 42
123 42
124 42
125 42
126 42
127 42
128 42
129 42
130 42
131 42
132 42
133 42
134 42
135 42
136 42
137 42
138 42
139 42
140 42
141 42
142 42
143 42
144 42
145 42
146 42
147 42
148 42
149 42
150 42
151 42
152 42
153 42
154 42
155 42
156 42
157 42
158 42
159 42
160 42
161 42
162 42
163 42
164 42
165 42
166 42
167 42
168 42
169 42
170 42
171 42
172 42
173 42
174 42
175 42
176 42
177 42
178 42
179 42
180 42
181 42
182 42
183 42
184 42
185 42
186 42
187 42
188 42
189 42
190 42
191 42
192 42
193 42
194 42
195 42
196 42
197 42
198 42
199 42
200 42
201 42
202 42
203 42
204 42
205 42
206 42
207 42
208 42
209 42
210 42
211 42
212 42
213 42
214 42
215 42
216 42
217 42
218 42
219 42
220 42
221 42
222 42
223 42
224 42
225 42
226 42
227 42
228 42
229 42
230 42
231 42
232 42
233 42
234 42
235 42
236 42
237 42
238 42
239 42
240 42
241 42
242 42
243 42
244 42
245 42
246 42
247 42
248 42
249 42
250 42
251 42
252 42
253 42
254 42
255 42
256 42
257 42
258 42
259 42
260 42
261 42
262 42
263 42
264 42
265 42
266 42
267 42
268 42
269 42
270 42
271 42
272 42
273 42
274 42
275 42
276 42
277 42
278 42
279 42
280 42
281 42
282 42
283 42
284 42
285 42
286 42
287 42
288 42
289 42
290 42
291 42
292 42
293 42
294 42
295 42
296 42
297 42
298 42
299 42
300 42
301 42
302 42
303 42
304 42
305 42
306 42
307 42
308 42
309 42
310 42
311 42
312 42
313 42
314 42
315 42
316 42
317 42
318 42
319 42
320 42
321 42
322 42
323 42
324 42
325 42
326 42
327 42
328 42
329 42
330 42
331 42
332 42
333 42
334 42
335 42
336 42
337 42
338 42
339 42
340 42
341 43
342 43
343 43
344 43
345 43
346 43
347 43
348 43
349 43
350 43
351 43
352 43
353 43
354 43
355 43
356 43
357 43
358 43
359 43
360 43
361 43
362 43
363 43
364 44
365 44
366 44
367 44
368 44
369 44
370 44
371 44
372 44
373 44
374 44
375 44
376 44
377 44
378 44
379 45
380 45
381 45
382 45
383 45
384 45
385 45
386 45
387 45
388 45
389 45
390 45
391 46
392 46
393 46
394 46
395 46
396 46
397 46
398 46
399 46
400 46
401 46
402 47
403 47
404 47
405 47
406 47
407 47
408 47
409 47
410 47
411 48
412 48
413 48
414 48
415 48
416 48
417 48
418 48
419 49
420 49
421 49
422 49
423 49
424 49
425 49
426 49
427 50
428 50
429 50
430 50
431 50
432 50
433 50
434 51
435 51
436 51
437 51
438 51
439 51
440 51
441 52
442 52
443 52
444 52
445 52
446 52
447 53
448 53
449 53
450 53
451 53
452 53
453 54
454 54
455 54
456 54
457 54
458 55
459 55
460 55
461 55
462 55
463 56
464 56
465 56
466 56
467 56
468 56
469 57
470 57
471 57
472 57
473 58
474 58
475 58
476 58
477 58
478 59
479 59
480 59
481 59
482 60
483 60
484 60
485 60
486 60
487 61
488 61
489 61
490 61
491 62
492 62
493 62
494 62
495 63
496 63
497 63
498 63
499 64
500 64
501 64
502 64
503 65
504 65
505 65
506 66
507 66
508 66
509 66
510 67
511 67
512 67
513 68
514 68
515 68
516 68
517 69
518 69
519 69
520 70
521 70
522 70
523 71
524 71
525 71
526 72
527 72
528 72
529 72
530 73
531 73
532 73
533 74
534 74
535 75
536 75
537 75
538 76
539 76
540 76
541 77
542 77
543 77
544 78
545 78
546 78
547 79
548 79
549 80
550 80
551 80
552 81
553 81
554 82
555 82
556 82
557 83
558 83
559 84
560 84
561 84
562 85
563 85
564 86
565 86
566 86
567 87
568 87
569 88
570 88
571 89
572 89
573 90
574 90
575 90
576 91
577 91
578 92
579 92
580 93
581 93
582 94
583 94
584 95
585 95
586 96
587 96
588 97
589 97
590 98
591 98
592 99
593 99
594 100
595 100
596 101
597 101
598 102
599 103
600 103
601 104
602 104
603 105
604 105
605 106
606 107
607 107
608 108
609 108
610 109
611 109
612 110
613 111
614 111
615 112
616 113
617 113
618 114
619 114
620 115
621 116
622 116
623 117
624 118
625 118
626 119
627 120
628 120
629 121
630 122
631 122
632 123
633 124
634 125
635 125
636 126
637 127
638 128
639 128
640 129
641 130
642 131
643 131
644 132
645 133
646 134
647 134
648 135
649 136
650 137
651 138
652 138
653 139
654 140
655 141
656 142
657 143
658 144
659 144
660 145
661 146
662 147
663 148
664 149
665 150
666 151
667 152
668 153
669 154
670 155
671 156
672 157
673 158
674 159
675 160
676 161
677 162
678 163
679 164
680 165
681 166
682 167
683 168
684 169
685 170
686 172
687 173
688 174
689 175
690 176
691 177
692 179
693 180
694 181
695 182
696 184
697 185
698 186
699 187
700 189
701 190
702 191
703 193
704 194
705 196
706 197
707 198
708 200
709 201
710 203
711 204
712 206
713 207
714 209
715 210
716 212
717 214
718 215
719 217
720 218
721 220
722 222
723 224
724 225
725 227
726 229
727 231
728 233
729 234
730 236
731 238
732 240
733 242
734 244
735 246
736 249
737 251
738 253
739 255
740 257
741 260
742 262
743 264
744 267
745 269
746 272
747 274
748 277
749 280
750 282
751 285
752 288
753 291
754 294
755 297
756 300
757 303
758 307
759 310
760 314
761 317
762 321
763 325
764 329
765 333
766 337
767 342
768 347
769 352
770 357
771 362
772 368
773 374
774 381
775 388
776 396
777 405
778 415
779 427
780 444
781 478
