[187, 143]
[187, 158]
[186, 159]
[186, 175]
[185, 176]
[185, 191]
[184, 192]
[184, 205]
[183, 206]
[183, 222]
[182, 223]
[182, 233]
[181, 234]
[181, 235]
[179, 237]
[177, 235]
[177, 234]
[176, 233]
[176, 229]
[175, 228]
[175, 221]
[174, 220]
[174, 215]
[173, 214]
[173, 206]
[172, 205]
[172, 199]
[171, 198]
[171, 192]
[170, 191]
[170, 184]
[169, 183]
[169, 176]
[168, 175]
[168, 172]
[168, 175]
[169, 176]
[169, 183]
[170, 184]
[170, 191]
[171, 192]
[171, 198]
[172, 199]
[172, 205]
[173, 206]
[173, 214]
[174, 215]
[174, 220]
[175, 221]
[175, 228]
[176, 229]
[176, 234]
[177, 235]
[177, 236]
[178, 237]
[180, 237]
[181, 236]
[181, 234]
[182, 233]
[182, 223]
[183, 222]
[183, 206]
[184, 205]
[184, 192]
[185, 191]
[185, 176]
[186, 175]
[186, 159]
[187, 158]
[244, 99]
[243, 100]
[241, 100]
[240, 101]
[238, 101]
[236, 103]
[235, 103]
[233, 105]
[233, 106]
[231, 108]
[231, 109]
[229, 111]
[229, 114]
[228, 115]
[228, 119]
[227, 120]
[227, 125]
[228, 126]
[228, 130]
[229, 131]
[229, 133]
[230, 134]
[230, 135]
[231, 136]
[231, 138]
[232, 139]
[232, 140]
[233, 141]
[233, 142]
[236, 145]
[236, 146]
[240, 150]
[240, 151]
[253, 164]
[254, 164]
[264, 174]
[264, 177]
[262, 179]
[259, 179]
[258, 180]
[205, 180]
[204, 179]
[200, 179]
[195, 174]
[195, 173]
[194, 172]
[194, 168]
[193, 167]
[193, 164]
[192, 163]
[192, 157]
[191, 156]
[191, 153]
[190, 152]
[190, 147]
[189, 146]
[189, 141]
[189, 146]
[190, 147]
[190, 152]
[191, 153]
[191, 156]
[192, 157]
[192, 163]
[193, 164]
[193, 167]
[194, 168]
[194, 173]
[196, 175]
[196, 176]
[198, 178]
[199, 178]
[200, 179]
[204, 179]
[205, 180]
[258, 180]
[259, 179]
[263, 179]
[264, 178]
[264, 173]
[255, 164]
[254, 164]
[240, 150]
[240, 149]
[236, 145]
[236, 144]
[233, 141]
[233, 140]
[232, 139]
[232, 138]
[231, 137]
[231, 135]
[229, 133]
[229, 131]
[228, 130]
[228, 126]
[227, 125]
[227, 120]
[228, 119]
[228, 115]
[229, 114]
[229, 112]
[230, 111]
[230, 110]
[233, 107]
[233, 106]
[236, 103]
[237, 103]
[239, 101]
[240, 101]
[241, 100]
[243, 100]
[244, 99]
[255, 99]
[256, 100]
[258, 100]
[259, 101]
[260, 101]
[262, 103]
[263, 103]
[271, 111]
[271, 112]
[273, 114]
[273, 115]
[274, 116]
[274, 117]
[275, 118]
[275, 119]
[278, 119]
[278, 117]
[280, 115]
[280, 114]
[281, 113]
[281, 112]
[290, 103]
[291, 103]
[292, 102]
[293, 102]
[294, 101]
[295, 101]
[296, 100]
[298, 100]
[299, 99]
[309, 99]
[310, 100]
[312, 100]
[313, 101]
[314, 101]
[316, 103]
[317, 103]
[323, 109]
[323, 110]
[324, 111]
[324, 112]
[325, 113]
[325, 114]
[326, 115]
[326, 117]
[327, 118]
[327, 124]
[326, 125]
[326, 129]
[325, 130]
[325, 132]
[324, 133]
[324, 135]
[322, 137]
[322, 138]
[320, 140]
[320, 141]
[318, 143]
[318, 144]
[314, 148]
[314, 149]
[292, 171]
[292, 172]
[291, 173]
[291, 177]
[293, 179]
[295, 179]
[296, 180]
[327, 180]
[328, 181]
[332, 181]
[333, 180]
[339, 180]
[333, 180]
[332, 181]
[328, 181]
[327, 180]
[296, 180]
[295, 179]
[294, 179]
[291, 176]
[291, 174]
[292, 173]
[292, 172]
[314, 150]
[314, 149]
[318, 145]
[318, 144]
[320, 142]
[320, 141]
[322, 139]
[322, 138]
[323, 137]
[323, 136]
[324, 135]
[324, 133]
[325, 132]
[325, 130]
[326, 129]
[326, 125]
[327, 124]
[327, 118]
[326, 117]
[326, 115]
[325, 114]
[325, 112]
[324, 111]
[324, 110]
[323, 109]
[323, 108]
[318, 103]
[317, 103]
[316, 102]
[315, 102]
[314, 101]
[313, 101]
[312, 100]
[310, 100]
[309, 99]
[299, 99]
[298, 100]
[296, 100]
[295, 101]
[293, 101]
[292, 102]
[291, 102]
[290, 103]
[289, 103]
[281, 111]
[281, 112]
[280, 113]
[280, 114]
[278, 116]
[278, 118]
[277, 119]
[276, 119]
[275, 118]
[275, 117]
[274, 116]
[274, 115]
[273, 114]
[273, 113]
[271, 111]
[271, 110]
[264, 103]
[263, 103]
[261, 101]
[259, 101]
[258, 100]
[256, 100]
[255, 99]
[245, 94]
[244, 95]
[242, 95]
[241, 96]
[238, 96]
[237, 97]
[236, 97]
[234, 99]
[233, 99]
[228, 104]
[228, 105]
[226, 107]
[226, 108]
[225, 109]
[225, 111]
[224, 112]
[224, 115]
[223, 116]
[223, 129]
[224, 130]
[224, 133]
[225, 134]
[225, 136]
[226, 137]
[226, 138]
[227, 139]
[227, 141]
[228, 142]
[228, 143]
[230, 145]
[230, 146]
[233, 149]
[233, 150]
[240, 157]
[240, 158]
[241, 158]
[256, 173]
[257, 173]
[258, 174]
[257, 175]
[203, 175]
[199, 171]
[199, 170]
[198, 169]
[198, 166]
[197, 165]
[197, 160]
[196, 159]
[196, 155]
[195, 154]
[195, 150]
[194, 149]
[194, 145]
[193, 144]
[193, 140]
[192, 139]
[192, 135]
[191, 134]
[191, 131]
[190, 130]
[190, 127]
[189, 126]
[186, 126]
[185, 127]
[185, 130]
[184, 131]
[184, 144]
[183, 145]
[183, 161]
[182, 162]
[182, 178]
[181, 179]
[181, 193]
[180, 194]
[180, 209]
[179, 210]
[179, 216]
[179, 210]
[180, 209]
[180, 194]
[181, 193]
[181, 179]
[182, 178]
[182, 162]
[183, 161]
[183, 145]
[184, 144]
[184, 131]
[185, 130]
[185, 128]
[187, 126]
[188, 126]
[190, 128]
[190, 130]
[191, 131]
[191, 134]
[192, 135]
[192, 139]
[193, 140]
[193, 144]
[194, 145]
[194, 149]
[195, 150]
[195, 154]
[196, 155]
[196, 159]
[197, 160]
[197, 165]
[198, 166]
[198, 169]
[199, 170]
[199, 172]
[201, 174]
[202, 174]
[203, 175]
[258, 175]
[258, 173]
[257, 173]
[242, 158]
[241, 158]
[240, 157]
[240, 156]
[233, 149]
[233, 148]
[230, 145]
[230, 144]
[228, 142]
[228, 141]
[227, 140]
[227, 139]
[226, 138]
[226, 136]
[225, 135]
[225, 134]
[224, 133]
[224, 130]
[223, 129]
[223, 116]
[224, 115]
[224, 112]
[225, 111]
[225, 109]
[228, 106]
[228, 105]
[234, 99]
[235, 99]
[238, 96]
[241, 96]
[242, 95]
[244, 95]
[245, 94]
[254, 94]
[255, 95]
[257, 95]
[258, 96]
[260, 96]
[261, 97]
[262, 97]
[263, 98]
[264, 98]
[267, 101]
[268, 101]
[274, 107]
[274, 108]
[275, 109]
[275, 110]
[277, 110]
[279, 108]
[279, 107]
[286, 100]
[287, 100]
[289, 98]
[290, 98]
[292, 96]
[294, 96]
[295, 95]
[298, 95]
[299, 94]
[309, 94]
[310, 95]
[312, 95]
[313, 96]
[315, 96]
[316, 97]
[317, 97]
[319, 99]
[320, 99]
[327, 106]
[327, 107]
[329, 109]
[329, 111]
[330, 112]
[330, 114]
[331, 115]
[331, 128]
[330, 129]
[330, 132]
[329, 133]
[329, 134]
[328, 135]
[328, 136]
[327, 137]
[327, 139]
[325, 141]
[325, 142]
[323, 144]
[323, 145]
[321, 147]
[321, 148]
[313, 156]
[313, 157]
[310, 160]
[309, 160]
[308, 161]
[308, 162]
[302, 168]
[301, 168]
[301, 169]
[297, 173]
[298, 174]
[297, 175]
[298, 176]
[339, 176]
[299, 176]
[298, 175]
[298, 173]
[301, 170]
[301, 169]
[302, 168]
[303, 168]
[308, 163]
[308, 162]
[310, 160]
[311, 160]
[313, 158]
[313, 157]
[321, 149]
[321, 148]
[323, 146]
[323, 145]
[325, 143]
[325, 142]
[326, 141]
[326, 140]
[327, 139]
[327, 138]
[328, 137]
[328, 136]
[329, 135]
[329, 133]
[330, 132]
[330, 129]
[331, 128]
[331, 115]
[330, 114]
[330, 111]
[329, 110]
[329, 109]
[328, 108]
[328, 107]
[327, 106]
[327, 105]
[321, 99]
[320, 99]
[318, 97]
[316, 97]
[315, 96]
[313, 96]
[312, 95]
[310, 95]
[309, 94]
[299, 94]
[298, 95]
[295, 95]
[294, 96]
[292, 96]
[291, 97]
[290, 97]
[289, 98]
[288, 98]
[286, 100]
[285, 100]
[279, 106]
[279, 107]
[276, 110]
[275, 109]
[275, 108]
[274, 107]
[274, 106]
[269, 101]
[268, 101]
[265, 98]
[264, 98]
[263, 97]
[262, 97]
[261, 96]
[258, 96]
[257, 95]
[255, 95]
[254, 94]
[165, 17]
[164, 18]
[163, 18]
[162, 19]
[160, 19]
[158, 21]
[157, 21]
[153, 25]
[153, 26]
[152, 27]
[152, 28]
[151, 29]
[151, 31]
[150, 32]
[150, 36]
[151, 37]
[151, 39]
[152, 40]
[152, 43]
[153, 44]
[152, 45]
[152, 46]
[143, 55]
[140, 55]
[139, 54]
[139, 53]
[137, 51]
[137, 50]
[135, 48]
[135, 47]
[132, 44]
[132, 43]
[130, 41]
[130, 40]
[128, 38]
[128, 37]
[127, 36]
[127, 35]
[124, 32]
[124, 31]
[121, 28]
[120, 28]
[119, 27]
[108, 27]
[107, 28]
[102, 28]
[101, 29]
[96, 29]
[95, 30]
[91, 30]
[90, 31]
[85, 31]
[84, 32]
[81, 32]
[80, 33]
[79, 33]
[79, 34]
[78, 35]
[78, 40]
[80, 42]
[81, 42]
[82, 43]
[86, 43]
[87, 42]
[91, 42]
[92, 41]
[96, 41]
[97, 40]
[102, 40]
[103, 39]
[108, 39]
[109, 38]
[114, 38]
[116, 40]
[116, 41]
[117, 41]
[118, 42]
[118, 43]
[120, 45]
[120, 46]
[121, 47]
[121, 48]
[124, 51]
[124, 52]
[126, 54]
[126, 55]
[128, 57]
[128, 58]
[130, 60]
[130, 61]
[132, 63]
[132, 66]
[129, 69]
[129, 70]
[127, 72]
[126, 72]
[120, 78]
[120, 79]
[118, 81]
[117, 81]
[114, 84]
[114, 85]
[113, 86]
[112, 86]
[107, 91]
[107, 92]
[37, 162]
[36, 162]
[35, 163]
[29, 163]
[28, 164]
[22, 164]
[20, 166]
[20, 171]
[21, 172]
[21, 173]
[23, 175]
[23, 178]
[21, 180]
[0, 180]
[22, 180]
[23, 179]
[23, 174]
[20, 171]
[20, 167]
[23, 164]
[28, 164]
[29, 163]
[36, 163]
[37, 162]
[38, 162]
[107, 93]
[107, 92]
[113, 86]
[114, 86]
[114, 85]
[118, 81]
[119, 81]
[119, 80]
[128, 71]
[129, 71]
[129, 70]
[132, 67]
[132, 62]
[130, 60]
[130, 59]
[128, 57]
[128, 56]
[126, 54]
[126, 53]
[124, 51]
[124, 50]
[121, 47]
[121, 46]
[120, 45]
[120, 44]
[118, 42]
[118, 41]
[117, 41]
[116, 40]
[116, 39]
[115, 38]
[109, 38]
[108, 39]
[103, 39]
[102, 40]
[97, 40]
[96, 41]
[92, 41]
[91, 42]
[87, 42]
[86, 43]
[82, 43]
[78, 39]
[78, 36]
[79, 35]
[79, 34]
[81, 32]
[84, 32]
[85, 31]
[90, 31]
[91, 30]
[95, 30]
[96, 29]
[101, 29]
[102, 28]
[107, 28]
[108, 27]
[118, 27]
[119, 28]
[120, 28]
[124, 32]
[124, 33]
[127, 36]
[127, 37]
[128, 38]
[128, 39]
[130, 41]
[130, 42]
[132, 44]
[132, 45]
[135, 48]
[135, 49]
[137, 51]
[137, 52]
[139, 54]
[139, 55]
[144, 55]
[152, 47]
[152, 45]
[153, 44]
[152, 43]
[152, 40]
[151, 39]
[151, 37]
[150, 36]
[150, 32]
[151, 31]
[151, 30]
[152, 29]
[152, 28]
[153, 27]
[153, 26]
[158, 21]
[159, 21]
[161, 19]
[162, 19]
[163, 18]
[164, 18]
[165, 17]
[172, 17]
[173, 18]
[175, 18]
[176, 19]
[177, 19]
[179, 21]
[180, 21]
[186, 27]
[186, 29]
[187, 30]
[187, 31]
[188, 32]
[188, 40]
[187, 41]
[187, 43]
[186, 44]
[186, 45]
[182, 49]
[182, 50]
[181, 51]
[180, 51]
[177, 54]
[176, 54]
[175, 55]
[167, 55]
[166, 54]
[162, 54]
[161, 55]
[159, 55]
[156, 58]
[155, 58]
[153, 60]
[153, 61]
[152, 62]
[151, 62]
[151, 63]
[149, 65]
[149, 70]
[151, 72]
[151, 73]
[153, 75]
[153, 76]
[155, 78]
[155, 79]
[157, 81]
[157, 82]
[159, 84]
[159, 85]
[162, 88]
[162, 89]
[164, 91]
[165, 91]
[166, 92]
[170, 92]
[171, 91]
[172, 91]
[173, 90]
[175, 90]
[176, 89]
[177, 89]
[178, 88]
[179, 88]
[181, 86]
[182, 86]
[183, 85]
[185, 85]
[186, 84]
[187, 84]
[188, 83]
[189, 83]
[190, 82]
[191, 82]
[192, 81]
[194, 81]
[195, 80]
[196, 80]
[197, 79]
[198, 79]
[199, 78]
[203, 78]
[206, 81]
[206, 85]
[203, 88]
[202, 88]
[201, 89]
[200, 89]
[199, 90]
[198, 90]
[197, 91]
[196, 91]
[195, 92]
[194, 92]
[193, 93]
[192, 93]
[191, 94]
[189, 94]
[188, 95]
[187, 95]
[186, 96]
[185, 96]
[184, 97]
[183, 97]
[182, 98]
[181, 98]
[180, 99]
[178, 99]
[176, 101]
[174, 101]
[173, 102]
[172, 102]
[171, 103]
[170, 103]
[169, 104]
[163, 104]
[162, 103]
[161, 103]
[157, 99]
[157, 98]
[154, 95]
[154, 94]
[152, 92]
[152, 91]
[149, 88]
[149, 87]
[148, 86]
[148, 85]
[146, 83]
[146, 82]
[142, 78]
[142, 77]
[136, 77]
[131, 82]
[131, 83]
[130, 84]
[129, 84]
[125, 88]
[125, 89]
[120, 94]
[120, 99]
[141, 120]
[141, 121]
[143, 123]
[143, 124]
[145, 126]
[145, 127]
[146, 128]
[146, 134]
[145, 135]
[145, 136]
[143, 138]
[142, 138]
[139, 141]
[138, 141]
[137, 142]
[136, 142]
[135, 143]
[132, 143]
[131, 144]
[129, 144]
[128, 145]
[125, 145]
[124, 146]
[121, 146]
[120, 147]
[116, 147]
[115, 148]
[112, 148]
[111, 149]
[108, 149]
[107, 150]
[104, 150]
[103, 151]
[103, 161]
[100, 164]
[96, 164]
[93, 161]
[93, 158]
[92, 157]
[92, 145]
[96, 141]
[97, 141]
[98, 140]
[101, 140]
[102, 139]
[105, 139]
[106, 138]
[110, 138]
[111, 137]
[115, 137]
[116, 136]
[120, 136]
[121, 135]
[124, 135]
[125, 134]
[128, 134]
[130, 132]
[132, 132]
[132, 126]
[129, 123]
[129, 122]
[126, 119]
[125, 119]
[124, 118]
[124, 117]
[123, 117]
[121, 115]
[121, 114]
[117, 110]
[116, 110]
[115, 109]
[115, 108]
[114, 107]
[113, 107]
[112, 106]
[108, 106]
[106, 108]
[105, 108]
[99, 114]
[99, 115]
[96, 118]
[95, 118]
[86, 127]
[86, 128]
[77, 137]
[76, 137]
[76, 138]
[59, 155]
[58, 155]
[57, 156]
[57, 157]
[45, 169]
[45, 171]
[44, 172]
[44, 175]
[45, 176]
[45, 178]
[46, 179]
[47, 179]
[48, 180]
[50, 180]
[51, 181]
[67, 181]
[68, 180]
[156, 180]
[157, 179]
[161, 179]
[162, 178]
[164, 178]
[165, 177]
[165, 176]
[166, 175]
[166, 172]
[166, 174]
[165, 175]
[165, 176]
[163, 178]
[162, 178]
[161, 179]
[157, 179]
[156, 180]
[68, 180]
[67, 181]
[51, 181]
[50, 180]
[49, 180]
[48, 179]
[47, 179]
[45, 177]
[45, 176]
[44, 175]
[44, 172]
[45, 171]
[45, 170]
[57, 158]
[57, 157]
[59, 155]
[60, 155]
[76, 139]
[76, 138]
[77, 137]
[78, 137]
[86, 129]
[86, 128]
[96, 118]
[97, 118]
[99, 116]
[99, 115]
[106, 108]
[107, 108]
[109, 106]
[111, 106]
[112, 107]
[113, 107]
[115, 109]
[115, 110]
[116, 110]
[121, 115]
[121, 116]
[122, 116]
[124, 118]
[124, 119]
[125, 119]
[129, 123]
[129, 124]
[132, 127]
[132, 131]
[131, 132]
[130, 132]
[128, 134]
[125, 134]
[124, 135]
[121, 135]
[120, 136]
[116, 136]
[115, 137]
[111, 137]
[110, 138]
[106, 138]
[105, 139]
[102, 139]
[101, 140]
[98, 140]
[97, 141]
[96, 141]
[95, 142]
[94, 142]
[93, 143]
[93, 144]
[92, 145]
[92, 157]
[93, 158]
[93, 162]
[94, 163]
[95, 163]
[96, 164]
[101, 164]
[103, 162]
[103, 152]
[105, 150]
[107, 150]
[108, 149]
[111, 149]
[112, 148]
[115, 148]
[116, 147]
[120, 147]
[121, 146]
[124, 146]
[125, 145]
[128, 145]
[129, 144]
[131, 144]
[132, 143]
[135, 143]
[136, 142]
[138, 142]
[139, 141]
[140, 141]
[143, 138]
[144, 138]
[145, 137]
[145, 136]
[146, 135]
[146, 128]
[145, 127]
[145, 125]
[143, 123]
[143, 122]
[141, 120]
[141, 119]
[120, 98]
[120, 95]
[123, 92]
[123, 91]
[124, 90]
[125, 90]
[125, 89]
[130, 84]
[131, 84]
[131, 83]
[137, 77]
[141, 77]
[142, 78]
[142, 79]
[146, 83]
[146, 84]
[148, 86]
[148, 87]
[150, 89]
[150, 90]
[152, 92]
[152, 93]
[154, 95]
[154, 96]
[157, 99]
[157, 100]
[160, 103]
[161, 103]
[162, 104]
[169, 104]
[170, 103]
[172, 103]
[174, 101]
[176, 101]
[177, 100]
[178, 100]
[179, 99]
[180, 99]
[181, 98]
[182, 98]
[183, 97]
[185, 97]
[187, 95]
[189, 95]
[190, 94]
[192, 94]
[194, 92]
[196, 92]
[197, 91]
[198, 91]
[199, 90]
[200, 90]
[201, 89]
[202, 89]
[203, 88]
[204, 88]
[206, 86]
[206, 80]
[204, 78]
[198, 78]
[197, 79]
[196, 79]
[195, 80]
[194, 80]
[193, 81]
[192, 81]
[191, 82]
[190, 82]
[189, 83]
[187, 83]
[186, 84]
[185, 84]
[184, 85]
[183, 85]
[182, 86]
[181, 86]
[180, 87]
[179, 87]
[178, 88]
[177, 88]
[176, 89]
[175, 89]
[174, 90]
[172, 90]
[171, 91]
[170, 91]
[169, 92]
[166, 92]
[162, 88]
[162, 87]
[159, 84]
[159, 83]
[157, 81]
[157, 80]
[155, 78]
[155, 77]
[153, 75]
[153, 74]
[151, 72]
[151, 71]
[149, 69]
[149, 66]
[151, 64]
[151, 63]
[152, 62]
[153, 62]
[153, 61]
[156, 58]
[157, 58]
[160, 55]
[161, 55]
[162, 54]
[166, 54]
[167, 55]
[176, 55]
[177, 54]
[178, 54]
[181, 51]
[182, 51]
[182, 50]
[186, 46]
[186, 45]
[187, 44]
[187, 41]
[188, 40]
[188, 32]
[187, 31]
[187, 29]
[186, 28]
[186, 27]
[185, 26]
[185, 25]
[181, 21]
[180, 21]
[178, 19]
[177, 19]
[176, 18]
[173, 18]
[172, 17]
[166, 12]
[165, 13]
[161, 13]
[160, 14]
[159, 14]
[158, 15]
[157, 15]
[155, 17]
[154, 17]
[151, 20]
[151, 21]
[148, 24]
[148, 26]
[147, 27]
[147, 28]
[146, 29]
[146, 40]
[147, 41]
[147, 44]
[142, 49]
[140, 47]
[140, 46]
[138, 44]
[138, 43]
[136, 41]
[136, 40]
[134, 38]
[134, 37]
[131, 34]
[131, 33]
[130, 32]
[130, 31]
[126, 27]
[126, 26]
[124, 24]
[123, 24]
[122, 23]
[121, 23]
[120, 22]
[108, 22]
[107, 23]
[102, 23]
[101, 24]
[97, 24]
[96, 25]
[91, 25]
[90, 26]
[86, 26]
[85, 27]
[81, 27]
[80, 28]
[78, 28]
[77, 29]
[76, 29]
[74, 31]
[74, 33]
[73, 34]
[73, 41]
[74, 42]
[74, 43]
[75, 44]
[75, 45]
[76, 46]
[77, 46]
[78, 47]
[80, 47]
[81, 48]
[84, 48]
[85, 47]
[91, 47]
[92, 46]
[96, 46]
[97, 45]
[101, 45]
[102, 44]
[108, 44]
[109, 43]
[112, 43]
[114, 45]
[114, 46]
[115, 47]
[115, 48]
[118, 51]
[118, 52]
[120, 54]
[120, 55]
[122, 57]
[122, 58]
[124, 60]
[124, 61]
[126, 63]
[126, 65]
[121, 70]
[121, 71]
[116, 76]
[115, 76]
[112, 79]
[112, 80]
[107, 85]
[106, 85]
[103, 88]
[103, 89]
[99, 93]
[98, 93]
[94, 97]
[94, 98]
[90, 102]
[89, 102]
[84, 107]
[84, 108]
[34, 158]
[32, 158]
[31, 159]
[30, 158]
[29, 158]
[28, 159]
[22, 159]
[21, 160]
[20, 160]
[19, 161]
[18, 161]
[16, 163]
[16, 165]
[15, 166]
[15, 171]
[16, 172]
[16, 174]
[15, 175]
[0, 175]
[16, 175]
[16, 172]
[15, 171]
[15, 166]
[16, 165]
[16, 164]
[19, 161]
[20, 161]
[22, 159]
[28, 159]
[29, 158]
[30, 158]
[31, 159]
[32, 158]
[35, 158]
[84, 109]
[84, 108]
[90, 102]
[91, 102]
[94, 99]
[94, 98]
[99, 93]
[100, 93]
[103, 90]
[103, 89]
[107, 85]
[108, 85]
[112, 81]
[112, 80]
[116, 76]
[117, 76]
[121, 72]
[121, 71]
[126, 66]
[126, 63]
[125, 62]
[125, 61]
[124, 60]
[124, 59]
[122, 57]
[122, 56]
[120, 54]
[120, 53]
[118, 51]
[118, 50]
[115, 47]
[115, 46]
[114, 45]
[114, 44]
[113, 43]
[109, 43]
[108, 44]
[102, 44]
[101, 45]
[97, 45]
[96, 46]
[92, 46]
[91, 47]
[85, 47]
[84, 48]
[81, 48]
[80, 47]
[79, 47]
[78, 46]
[77, 46]
[75, 44]
[75, 43]
[73, 41]
[73, 34]
[74, 33]
[74, 32]
[77, 29]
[78, 29]
[79, 28]
[80, 28]
[81, 27]
[85, 27]
[86, 26]
[90, 26]
[91, 25]
[96, 25]
[97, 24]
[101, 24]
[102, 23]
[107, 23]
[108, 22]
[120, 22]
[122, 24]
[123, 24]
[126, 27]
[126, 28]
[131, 33]
[131, 35]
[134, 38]
[134, 39]
[136, 41]
[136, 42]
[138, 44]
[138, 45]
[140, 47]
[140, 48]
[141, 49]
[143, 49]
[147, 45]
[147, 41]
[146, 40]
[146, 29]
[147, 28]
[147, 27]
[148, 26]
[148, 25]
[151, 22]
[151, 21]
[155, 17]
[156, 17]
[158, 15]
[159, 15]
[160, 14]
[161, 14]
[162, 13]
[165, 13]
[166, 12]
[171, 12]
[172, 13]
[176, 13]
[177, 14]
[178, 14]
[179, 15]
[180, 15]
[182, 17]
[183, 17]
[189, 23]
[189, 24]
[191, 26]
[191, 28]
[192, 29]
[192, 31]
[193, 32]
[193, 40]
[192, 41]
[192, 44]
[191, 45]
[191, 46]
[190, 47]
[190, 48]
[187, 51]
[187, 52]
[186, 53]
[185, 53]
[181, 57]
[180, 57]
[179, 58]
[178, 58]
[177, 59]
[162, 59]
[160, 61]
[159, 61]
[158, 62]
[158, 63]
[155, 66]
[155, 67]
[154, 68]
[154, 69]
[156, 71]
[156, 72]
[159, 75]
[159, 76]
[161, 78]
[161, 79]
[163, 81]
[163, 82]
[164, 83]
[164, 84]
[167, 87]
[168, 87]
[169, 86]
[171, 86]
[172, 85]
[174, 85]
[176, 83]
[178, 83]
[179, 82]
[180, 82]
[181, 81]
[182, 81]
[183, 80]
[184, 80]
[185, 79]
[187, 79]
[189, 77]
[191, 77]
[192, 76]
[193, 76]
[194, 75]
[195, 75]
[196, 74]
[197, 74]
[198, 73]
[204, 73]
[205, 74]
[206, 74]
[210, 78]
[210, 79]
[211, 80]
[211, 87]
[205, 93]
[204, 93]
[203, 94]
[201, 94]
[200, 95]
[199, 95]
[198, 96]
[197, 96]
[196, 97]
[195, 97]
[194, 98]
[192, 98]
[190, 100]
[188, 100]
[187, 101]
[186, 101]
[185, 102]
[184, 102]
[183, 103]
[182, 103]
[181, 104]
[179, 104]
[178, 105]
[177, 105]
[176, 106]
[175, 106]
[174, 107]
[173, 107]
[172, 108]
[170, 108]
[169, 109]
[162, 109]
[161, 108]
[159, 108]
[153, 102]
[153, 101]
[151, 99]
[151, 98]
[148, 95]
[148, 94]
[145, 91]
[145, 90]
[143, 88]
[143, 87]
[142, 86]
[142, 85]
[140, 83]
[138, 83]
[137, 84]
[136, 84]
[136, 85]
[133, 88]
[132, 88]
[126, 94]
[126, 98]
[145, 117]
[145, 118]
[148, 121]
[148, 122]
[150, 124]
[150, 125]
[151, 126]
[151, 129]
[152, 130]
[152, 132]
[151, 133]
[151, 135]
[150, 136]
[150, 137]
[143, 144]
[142, 144]
[141, 145]
[140, 145]
[138, 147]
[136, 147]
[135, 148]
[133, 148]
[132, 149]
[130, 149]
[129, 150]
[125, 150]
[124, 151]
[122, 151]
[121, 152]
[117, 152]
[116, 153]
[112, 153]
[111, 154]
[109, 154]
[108, 155]
[108, 163]
[107, 164]
[107, 165]
[105, 167]
[104, 167]
[103, 168]
[102, 168]
[101, 169]
[95, 169]
[94, 168]
[93, 168]
[89, 164]
[89, 163]
[88, 162]
[88, 157]
[87, 156]
[87, 145]
[88, 144]
[88, 143]
[90, 141]
[90, 140]
[93, 137]
[94, 137]
[95, 136]
[96, 136]
[97, 135]
[101, 135]
[102, 134]
[106, 134]
[107, 133]
[110, 133]
[111, 132]
[115, 132]
[116, 131]
[119, 131]
[120, 130]
[124, 130]
[125, 129]
[126, 129]
[126, 127]
[125, 126]
[125, 125]
[112, 112]
[108, 112]
[106, 114]
[106, 115]
[98, 123]
[97, 123]
[97, 124]
[87, 134]
[86, 134]
[82, 138]
[82, 139]
[50, 171]
[50, 175]
[51, 176]
[53, 176]
[54, 177]
[61, 177]
[62, 176]
[82, 176]
[83, 175]
[158, 175]
[159, 174]
[161, 174]
[162, 173]
[162, 172]
[163, 171]
[163, 169]
[164, 168]
[164, 165]
[165, 164]
[165, 163]
[168, 160]
[170, 162]
[170, 163]
[171, 164]
[171, 166]
[172, 167]
[172, 175]
[173, 176]
[173, 183]
[174, 184]
[174, 191]
[175, 192]
[175, 200]
[176, 201]
[176, 208]
[177, 209]
[177, 217]
[177, 209]
[176, 208]
[176, 201]
[175, 200]
[175, 192]
[174, 191]
[174, 184]
[173, 183]
[173, 176]
[172, 175]
[172, 167]
[171, 166]
[171, 164]
[170, 163]
[170, 161]
[169, 160]
[167, 160]
[165, 162]
[165, 164]
[164, 165]
[164, 168]
[163, 169]
[163, 170]
[162, 171]
[162, 172]
[160, 174]
[159, 174]
[158, 175]
[83, 175]
[82, 176]
[62, 176]
[61, 177]
[54, 177]
[53, 176]
[52, 176]
[50, 174]
[50, 172]
[82, 140]
[82, 139]
[87, 134]
[88, 134]
[97, 125]
[97, 124]
[98, 123]
[99, 123]
[106, 116]
[106, 115]
[109, 112]
[111, 112]
[125, 126]
[125, 127]
[126, 128]
[124, 130]
[120, 130]
[119, 131]
[116, 131]
[115, 132]
[111, 132]
[110, 133]
[107, 133]
[106, 134]
[102, 134]
[101, 135]
[97, 135]
[96, 136]
[94, 136]
[93, 137]
[92, 137]
[90, 139]
[90, 140]
[88, 142]
[88, 144]
[87, 145]
[87, 156]
[88, 157]
[88, 162]
[89, 163]
[89, 165]
[92, 168]
[94, 168]
[95, 169]
[102, 169]
[103, 168]
[104, 168]
[105, 167]
[106, 167]
[107, 166]
[107, 164]
[108, 163]
[108, 156]
[110, 154]
[111, 154]
[112, 153]
[116, 153]
[117, 152]
[121, 152]
[122, 151]
[124, 151]
[125, 150]
[129, 150]
[130, 149]
[132, 149]
[133, 148]
[135, 148]
[136, 147]
[138, 147]
[139, 146]
[140, 146]
[141, 145]
[142, 145]
[143, 144]
[144, 144]
[150, 138]
[150, 136]
[151, 135]
[151, 133]
[152, 132]
[152, 130]
[151, 129]
[151, 126]
[150, 125]
[150, 123]
[148, 121]
[148, 120]
[145, 117]
[145, 116]
[126, 97]
[126, 95]
[133, 88]
[134, 88]
[136, 86]
[136, 85]
[137, 84]
[138, 84]
[139, 83]
[142, 86]
[142, 87]
[143, 88]
[143, 89]
[145, 91]
[145, 92]
[148, 95]
[148, 96]
[151, 99]
[151, 100]
[153, 102]
[153, 103]
[158, 108]
[160, 108]
[161, 109]
[169, 109]
[170, 108]
[173, 108]
[174, 107]
[175, 107]
[176, 106]
[177, 106]
[178, 105]
[179, 105]
[180, 104]
[181, 104]
[182, 103]
[184, 103]
[186, 101]
[188, 101]
[189, 100]
[190, 100]
[191, 99]
[192, 99]
[193, 98]
[194, 98]
[195, 97]
[197, 97]
[198, 96]
[199, 96]
[200, 95]
[201, 95]
[202, 94]
[203, 94]
[204, 93]
[206, 93]
[210, 89]
[210, 88]
[211, 87]
[211, 80]
[210, 79]
[210, 77]
[207, 74]
[206, 74]
[205, 73]
[198, 73]
[197, 74]
[195, 74]
[194, 75]
[193, 75]
[192, 76]
[191, 76]
[190, 77]
[189, 77]
[188, 78]
[187, 78]
[186, 79]
[184, 79]
[183, 80]
[182, 80]
[181, 81]
[180, 81]
[179, 82]
[178, 82]
[177, 83]
[175, 83]
[173, 85]
[171, 85]
[170, 86]
[169, 86]
[168, 87]
[164, 83]
[164, 82]
[163, 81]
[163, 80]
[161, 78]
[161, 77]
[159, 75]
[159, 74]
[156, 71]
[156, 70]
[154, 68]
[158, 64]
[158, 63]
[160, 61]
[161, 61]
[163, 59]
[177, 59]
[178, 58]
[179, 58]
[180, 57]
[182, 57]
[190, 49]
[190, 48]
[191, 47]
[191, 45]
[192, 44]
[192, 41]
[193, 40]
[193, 32]
[192, 31]
[192, 29]
[191, 28]
[191, 25]
[189, 23]
[189, 22]
[184, 17]
[183, 17]
[181, 15]
[180, 15]
[179, 14]
[177, 14]
[176, 13]
[172, 13]
[171, 12]
