0.079 0.045
0.08 0.044
0.081 0.043
0.082 0.042
0.083 0.042
0.084 0.042
0.085 0.042
0.086 0.042
0.087 0.042
0.088 0.042
0.089 0.042
0.09 0.042
0.091 0.042
0.092 0.042
0.093 0.042
0.094 0.042
0.095 0.042
0.096 0.042
0.097 0.042
0.098 0.042
0.099 0.042
0.1 0.042
0.101 0.042
0.102 0.042
0.103 0.042
0.104 0.042
0.105 0.042
0.106 0.042
0.107 0.042
0.108 0.042
0.109 0.042
0.11 0.042
0.111 0.042
0.112 0.042
0.113 0.042
0.114 0.042
0.115 0.042
0.116 0.042
0.117 0.042
0.118 0.042
0.119 0.042
0.12 0.042
0.121 0.042
0.122 0.042
0.123 0.042
0.124 0.042
0.125 0.042
0.126 0.042
0.127 0.042
0.128 0.042
0.129 0.042
0.13 0.042
0.131 0.042
0.132 0.042
0.133 0.042
0.134 0.042
0.135 0.042
0.136 0.042
0.137 0.042
0.138 0.042
0.139 0.042
0.14 0.042
0.141 0.042
0.142 0.042
0.143 0.042
0.144 0.042
0.145 0.042
0.146 0.042
0.147 0.042
0.148 0.042
0.149 0.042
0.15 0.042
0.151 0.042
0.152 0.042
0.153 0.042
0.154 0.042
0.155 0.042
0.156 0.042
0.157 0.042
0.158 0.042
0.159 0.042
0.16 0.042
0.161 0.042
0.162 0.042
0.163 0.042
0.164 0.042
0.165 0.042
0.166 0.042
0.167 0.042
0.168 0.042
0.169 0.042
0.17 0.042
0.171 0.042
0.172 0.042
0.173 0.042
0.174 0.042
0.175 0.042
0.176 0.042
0.177 0.042
0.178 0.042
0.179 0.042
0.18 0.042
0.181 0.042
0.182 0.042
0.183 0.042
0.184 0.042
0.185 0.042
0.186 0.042
0.187 0.042
0.188 0.042
0.189 0.042
0.19 0.042
0.191 0.042
0.192 0.042
0.193 0.042
0.194 0.042
0.195 0.042
0.196 0.042
0.197 0.042
0.198 0.042
0.199 0.042
0.2 0.042
0.201 0.042
0.202 0.042
0.203 0.042
0.204 0.042
0.205 0.042
0.206 0.042
0.207 0.042
0.208 0.042
0.209 0.042
0.21 0.042
0.211 0.042
0.212 0.042
0.213 0.042
0.214 0.042
0.215 0.042
0.216 0.042
0.217 0.042
0.218 0.042
0.219 0.042
0.22 0.042
0.221 0.042
0.222 0.042
0.223 0.042
0.224 0.042
0.225 0.042
0.226 0.042
0.227 0.042
0.228 0.042
0.229 0.042
0.23 0.042
0.231 0.042
0.232 0.042
0.233 0.042
0.234 0.042
0.235 0.042
0.236 0.042
0.237 0.042
0.238 0.042
0.239 0.042
0.24 0.042
0.241 0.042
0.242 0.042
0.243 0.042
0.244 0.042
0.245 0.042
0.246 0.042
0.247 0.042
0.248 0.042
0.249 0.042
0.25 0.042
0.251 0.042
0.252 0.042
0.253 0.042
0.254 0.042
0.255 0.042
0.256 0.042
0.257 0.042
0.258 0.042
0.259 0.042
0.26 0.042
0.261 0.042
0.262 0.042
0.263 0.042
0.264 0.042
0.265 0.042
0.266 0.042
0.267 0.042
0.268 0.042
0.269 0.042
0.27 0.042
0.271 0.042
0.272 0.042
0.273 0.042
0.274 0.042
0.275 0.042
0.276 0.042
0.277 0.042
0.278 0.042
0.279 0.042
0.28 0.042
0.281 0.042
0.282 0.042
0.283 0.042
0.284 0.042
0.285 0.042
0.286 0.042
0.287 0.042
0.288 0.042
0.289 0.042
0.29 0.042
0.291 0.042
0.292 0.042
0.293 0.042
0.294 0.042
0.295 0.042
0.296 0.042
0.297 0.042
0.298 0.042
0.299 0.042
0.3 0.042
0.301 0.042
0.302 0.042
0.303 0.042
0.304 0.042
0.305 0.042
0.306 0.042
0.307 0.042
0.308 0.042
0.309 0.042
0.31 0.042
0.311 0.042
0.312 0.042
0.313 0.042
0.314 0.042
0.315 0.042
0.316 0.042
0.317 0.042
0.318 0.042
0.319 0.042
0.32 0.042
0.321 0.042
0.322 0.042
0.323 0.042
0.324 0.042
0.325 0.042
0.326 0.042
0.327 0.042
0.328 0.042
0.329 0.042
0.33 0.042
0.331 0.042
0.332 0.042
0.333 0.042
0.334 0.042
0.335 0.042
0.336 0.042
0.337 0.042
0.338 0.042
0.339 0.042
0.34 0.042
0.341 0.043
0.342 0.043
0.343 0.043
0.344 0.043
0.345 0.043
0.346 0.043
0.347 0.043
0.348 0.043
0.349 0.043
0.35 0.043
0.351 0.043
0.352 0.043
0.353 0.043
0.354 0.043
0.355 0.043
0.356 0.043
0.357 0.043
0.358 0.043
0.359 0.043
0.36 0.043
0.361 0.043
0.362 0.043
0.363 0.043
0.364 0.044
0.365 0.044
0.366 0.044
0.367 0.044
0.368 0.044
0.369 0.044
0.37 0.044
0.371 0.044
0.372 0.044
0.373 0.044
0.374 0.044
0.375 0.044
0.376 0.044
0.377 0.044
0.378 0.044
0.379 0.045
0.38 0.045
0.381 0.045
0.382 0.045
0.383 0.045
0.384 0.045
0.385 0.045
0.386 0.045
0.387 0.045
0.388 0.045
0.389 0.045
0.39 0.045
0.391 0.046
0.392 0.046
0.393 0.046
0.394 0.046
0.395 0.046
0.396 0.046
0.397 0.046
0.398 0.046
0.399 0.046
0.4 0.046
0.401 0.046
0.402 0.047
0.403 0.047
0.404 0.047
0.405 0.047
0.406 0.047
0.407 0.047
0.408 0.047
0.409 0.047
0.41 0.047
0.411 0.048
0.412 0.048
0.413 0.048
0.414 0.048
0.415 0.048
0.416 0.048
0.417 0.048
0.418 0.048
0.419 0.049
0.42 0.049
0.421 0.049
0.422 0.049
0.423 0.049
0.424 0.049
0.425 0.049
0.426 0.049
0.427 0.05
0.428 0.05
0.429 0.05
0.43 0.05
0.431 0.05
0.432 0.05
0.433 0.05
0.434 0.051
0.435 0.051
0.436 0.051
0.437 0.051
0.438 0.051
0.439 0.051
0.44 0.051
0.441 0.052
0.442 0.052
0.443 0.052
0.444 0.052
0.445 0.052
0.446 0.052
0.447 0.053
0.448 0.053
0.449 0.053
0.45 0.053
0.451 0.053
0.452 0.053
0.453 0.054
0.454 0.054
0.455 0.054
0.456 0.054
0.457 0.054
0.458 0.055
0.459 0.055
0.46 0.055
0.461 0.055
0.462 0.055
0.463 0.056
0.464 0.056
0.465 0.056
0.466 0.056
0.467 0.056
0.468 0.056
0.469 0.057
0.47 0.057
0.471 0.057
0.472 0.057
0.473 0.058
0.474 0.058
0.475 0.058
0.476 0.058
0.477 0.058
0.478 0.059
0.479 0.059
0.48 0.059
0.481 0.059
0.482 0.06
0.483 0.06
0.484 0.06
0.485 0.06
0.486 0.06
0.487 0.061
0.488 0.061
0.489 0.061
0.49 0.061
0.491 0.062
0.492 0.062
0.493 0.062
0.494 0.062
0.495 0.063
0.496 0.063
0.497 0.063
0.498 0.063
0.499 0.064
0.5 0.064
0.501 0.064
0.502 0.064
0.503 0.065
0.504 0.065
0.505 0.065
0.506 0.066
0.507 0.066
0.508 0.066
0.509 0.066
0.51 0.067
0.511 0.067
0.512 0.067
0.513 0.068
0.514 0.068
0.515 0.068
0.516 0.068
0.517 0.069
0.518 0.069
0.519 0.069
0.52 0.07
0.521 0.07
0.522 0.07
0.523 0.071
0.524 0.071
0.525 0.071
0.526 0.072
0.527 0.072
0.528 0.072
0.529 0.072
0.53 0.073
0.531 0.073
0.532 0.073
0.533 0.074
0.534 0.074
0.535 0.075
0.536 0.075
0.537 0.075
0.538 0.076
0.539 0.076
0.54 0.076
0.541 0.077
0.542 0.077
0.543 0.077
0.544 0.078
0.545 0.078
0.546 0.078
0.547 0.079
0.548 0.079
0.549 0.08
0.55 0.08
0.551 0.08
0.552 0.081
0.553 0.081
0.554 0.082
0.555 0.082
0.556 0.082
0.557 0.083
0.558 0.083
0.559 0.084
0.56 0.084
0.561 0.084
0.562 0.085
0.563 0.085
0.564 0.086
0.565 0.086
0.566 0.086
0.567 0.087
0.568 0.087
0.569 0.088
0.57 0.088
0.571 0.089
0.572 0.089
0.573 0.09
0.574 0.09
0.575 0.09
0.576 0.091
0.577 0.091
0.578 0.092
0.579 0.092
0.58 0.093
0.581 0.093
0.582 0.094
0.583 0.094
0.584 0.095
0.585 0.095
0.586 0.096
0.587 0.096
0.588 0.097
0.589 0.097
0.59 0.098
0.591 0.098
0.592 0.099
0.593 0.099
0.594 0.1
0.595 0.1
0.596 0.101
0.597 0.101
0.598 0.102
0.599 0.103
0.6 0.103
0.601 0.104
0.602 0.104
0.603 0.105
0.604 0.105
0.605 0.106
0.606 0.107
0.607 0.107
0.608 0.108
0.609 0.108
0.61 0.109
0.611 0.109
0.612 0.11
0.613 0.111
0.614 0.111
0.615 0.112
0.616 0.113
0.617 0.113
0.618 0.114
0.619 0.114
0.62 0.115
0.621 0.116
0.622 0.116
0.623 0.117
0.624 0.118
0.625 0.118
0.626 0.119
0.627 0.12
0.628 0.12
0.629 0.121
0.63 0.122
0.631 0.122
0.632 0.123
0.633 0.124
0.634 0.125
0.635 0.125
0.636 0.126
0.637 0.127
0.638 0.128
0.639 0.128
0.64 0.129
0.641 0.13
0.642 0.131
0.643 0.131
0.644 0.132
0.645 0.133
0.646 0.134
0.647 0.134
0.648 0.135
0.649 0.136
0.65 0.137
0.651 0.138
0.652 0.138
0.653 0.139
0.654 0.14
0.655 0.141
0.656 0.142
0.657 0.143
0.658 0.144
0.659 0.144
0.66 0.145
0.661 0.146
0.662 0.147
0.663 0.148
0.664 0.149
0.665 0.15
0.666 0.151
0.667 0.152
0.668 0.153
0.669 0.154
0.67 0.155
0.671 0.156
0.672 0.157
0.673 0.158
0.674 0.159
0.675 0.16
0.676 0.161
0.677 0.162
0.678 0.163
0.679 0.164
0.68 0.165
0.681 0.166
0.682 0.167
0.683 0.168
0.684 0.169
0.685 0.17
0.686 0.172
0.687 0.173
0.688 0.174
0.689 0.175
0.69 0.176
0.691 0.177
0.692 0.179
0.693 0.18
0.694 0.181
0.695 0.182
0.696 0.184
0.697 0.185
0.698 0.186
0.699 0.187
0.7 0.189
0.701 0.19
0.702 0.191
0.703 0.193
0.704 0.194
0.705 0.196
0.706 0.197
0.707 0.198
0.708 0.2
0.709 0.201
0.71 0.203
0.711 0.204
0.712 0.206
0.713 0.207
0.714 0.209
0.715 0.21
0.716 0.212
0.717 0.214
0.718 0.215
0.719 0.217
0.72 0.218
0.721 0.22
0.722 0.222
0.723 0.224
0.724 0.225
0.725 0.227
0.726 0.229
0.727 0.231
0.728 0.233
0.729 0.234
0.73 0.236
0.731 0.238
0.732 0.24
0.733 0.242
0.734 0.244
0.735 0.246
0.736 0.249
0.737 0.251
0.738 0.253
0.739 0.255
0.74 0.257
0.741 0.26
0.742 0.262
0.743 0.264
0.744 0.267
0.745 0.269
0.746 0.272
0.747 0.274
0.748 0.277
0.749 0.28
0.75 0.282
0.751 0.285
0.752 0.288
0.753 0.291
0.754 0.294
0.755 0.297
0.756 0.3
0.757 0.303
0.758 0.307
0.759 0.31
0.76 0.314
0.761 0.317
0.762 0.321
0.763 0.325
0.764 0.329
0.765 0.333
0.766 0.337
0.767 0.342
0.768 0.347
0.769 0.352
0.77 0.357
0.771 0.362
0.772 0.368
0.773 0.374
0.774 0.381
0.775 0.388
0.776 0.396
0.777 0.405
0.778 0.415
0.779 0.427
0.78 0.444
0.781 0.478
