0.333887 0.231454
0.333887 0.23368
0.332773 0.234794
0.332773 0.235907
0.33166 0.237021
0.33166 0.238134
0.330546 0.239247
0.330546 0.240361
0.329433 0.241474
0.329433 0.242588
0.32832 0.243701
0.32832 0.244814
0.327206 0.245928
0.327206 0.247041
0.326093 0.248155
0.326093 0.249268
0.324979 0.250381
0.324979 0.251495
0.323866 0.252608
0.323866 0.253722
0.322753 0.254835
0.322753 0.255948
0.321639 0.257062
0.321639 0.258175
0.320526 0.259289
0.320526 0.261515
0.318299 0.263742
0.318299 0.264856
0.317186 0.265969
0.317186 0.267082
0.316072 0.268196
0.316072 0.269309
0.314959 0.270423
0.314959 0.271536
0.313845 0.272649
0.313845 0.273763
0.312732 0.274876
0.312732 0.27599
0.311619 0.277103
0.311619 0.278216
0.310505 0.27933
0.310505 0.280443
0.309392 0.281557
0.309392 0.28267
0.308278 0.283784
0.308278 0.284897
0.307165 0.28601
0.307165 0.287124
0.306052 0.288237
0.306052 0.289351
0.304938 0.290464
0.304938 0.291577
0.303825 0.292691
0.303825 0.293804
0.302711 0.294918
0.302711 0.296031
0.301598 0.297144
0.301598 0.298258
0.300485 0.299371
0.299371 0.299371
0.298258 0.300485
0.291577 0.300485
0.290464 0.301598
0.283784 0.301598
0.28267 0.302711
0.27599 0.302711
0.274876 0.303825
0.268196 0.303825
0.267082 0.304938
0.260402 0.304938
0.259289 0.306052
0.252608 0.306052
0.251495 0.307165
0.244814 0.307165
0.243701 0.308278
0.237021 0.308278
0.235907 0.309392
0.229227 0.309392
0.228113 0.310505
0.227 0.310505
0.227 0.312732
0.228113 0.312732
0.271536 0.356155
0.272649 0.356155
0.280443 0.363948
0.280443 0.366175
0.27933 0.367289
0.27933 0.372856
0.278216 0.373969
0.278216 0.379536
0.277103 0.380649
0.277103 0.385103
0.27599 0.386216
0.27599 0.391784
0.274876 0.392897
0.274876 0.398464
0.273763 0.399577
0.273763 0.405144
0.272649 0.406258
0.272649 0.411825
0.271536 0.412938
0.271536 0.418505
0.270423 0.419619
0.270423 0.424072
0.269309 0.425186
0.269309 0.430753
0.268196 0.431866
0.268196 0.437433
0.269309 0.438546
0.270423 0.437433
0.271536 0.437433
0.272649 0.43632
0.273763 0.43632
0.274876 0.435206
0.27599 0.435206
0.277103 0.434093
0.278216 0.434093
0.280443 0.431866
0.281557 0.431866
0.28267 0.430753
0.283784 0.430753
0.284897 0.429639
0.28601 0.429639
0.287124 0.428526
0.288237 0.428526
0.289351 0.427412
0.290464 0.427412
0.291577 0.426299
0.292691 0.426299
0.293804 0.425186
0.294918 0.425186
0.296031 0.424072
0.297144 0.424072
0.298258 0.422959
0.299371 0.422959
0.301598 0.420732
0.302711 0.420732
0.303825 0.419619
0.304938 0.419619
0.306052 0.418505
0.307165 0.418505
0.308278 0.417392
0.309392 0.417392
0.310505 0.416278
0.311619 0.416278
0.312732 0.415165
0.313845 0.415165
0.314959 0.414052
0.316072 0.414052
0.317186 0.412938
0.318299 0.412938
0.319412 0.411825
0.320526 0.411825
0.322753 0.409598
0.323866 0.409598
0.324979 0.408485
0.326093 0.408485
0.327206 0.407371
0.32832 0.407371
0.329433 0.406258
0.330546 0.406258
0.33166 0.405144
0.332773 0.405144
0.333887 0.404031
0.336113 0.404031
0.337227 0.405144
0.33834 0.405144
0.339454 0.406258
0.340567 0.406258
0.34168 0.407371
0.342794 0.407371
0.343907 0.408485
0.345021 0.408485
0.346134 0.409598
0.347247 0.409598
0.349474 0.411825
0.350588 0.411825
0.351701 0.412938
0.352814 0.412938
0.353928 0.414052
0.355041 0.414052
0.356155 0.415165
0.357268 0.415165
0.358381 0.416278
0.359495 0.416278
0.360608 0.417392
0.361722 0.417392
0.362835 0.418505
0.363948 0.418505
0.365062 0.419619
0.366175 0.419619
0.367289 0.420732
0.368402 0.420732
0.370629 0.422959
0.371742 0.422959
0.372856 0.424072
0.373969 0.424072
0.375082 0.425186
0.376196 0.425186
0.377309 0.426299
0.378423 0.426299
0.379536 0.427412
0.380649 0.427412
0.381763 0.428526
0.382876 0.428526
0.38399 0.429639
0.385103 0.429639
0.386216 0.430753
0.38733 0.430753
0.388443 0.431866
0.389557 0.431866
0.39067 0.432979
0.391784 0.432979
0.39401 0.435206
0.395124 0.435206
0.396237 0.43632
0.397351 0.43632
0.398464 0.437433
0.399577 0.437433
0.400691 0.438546
0.401804 0.437433
0.401804 0.431866
0.400691 0.430753
0.400691 0.425186
0.399577 0.424072
0.399577 0.418505
0.398464 0.417392
0.398464 0.412938
0.397351 0.411825
0.397351 0.406258
0.396237 0.405144
0.396237 0.399577
0.395124 0.398464
0.395124 0.392897
0.39401 0.391784
0.39401 0.386216
0.392897 0.385103
0.392897 0.380649
0.391784 0.379536
0.391784 0.373969
0.39067 0.372856
0.39067 0.367289
0.389557 0.366175
0.389557 0.363948
0.397351 0.356155
0.398464 0.356155
0.43966 0.314959
0.440773 0.314959
0.443 0.312732
0.443 0.310505
0.441887 0.310505
0.440773 0.309392
0.434093 0.309392
0.432979 0.308278
0.426299 0.308278
0.425186 0.307165
0.418505 0.307165
0.417392 0.306052
0.410711 0.306052
0.409598 0.304938
0.402918 0.304938
0.401804 0.303825
0.395124 0.303825
0.39401 0.302711
0.38733 0.302711
0.386216 0.301598
0.379536 0.301598
0.378423 0.300485
0.372856 0.300485
0.371742 0.299371
0.369515 0.299371
0.367289 0.297144
0.367289 0.294918
0.366175 0.293804
0.366175 0.292691
0.365062 0.291577
0.365062 0.290464
0.363948 0.289351
0.363948 0.288237
0.362835 0.287124
0.362835 0.28601
0.361722 0.284897
0.361722 0.283784
0.359495 0.281557
0.359495 0.27933
0.358381 0.278216
0.358381 0.277103
0.357268 0.27599
0.357268 0.274876
0.355041 0.272649
0.355041 0.270423
0.353928 0.269309
0.353928 0.268196
0.352814 0.267082
0.352814 0.265969
0.351701 0.264856
0.351701 0.263742
0.349474 0.261515
0.349474 0.259289
0.348361 0.258175
0.348361 0.257062
0.347247 0.255948
0.347247 0.254835
0.346134 0.253722
0.346134 0.252608
0.345021 0.251495
0.345021 0.250381
0.343907 0.249268
0.343907 0.248155
0.342794 0.247041
0.342794 0.245928
0.34168 0.244814
0.34168 0.243701
0.340567 0.242588
0.340567 0.241474
0.339454 0.240361
0.339454 0.239247
0.33834 0.238134
0.33834 0.237021
0.337227 0.235907
0.337227 0.234794
0.336113 0.23368
0.336113 0.231454
0.335 0.232567
0.333887 0.23368
0.335 0.232567
0.336113 0.23368
0.336113 0.234794
0.337227 0.235907
0.337227 0.237021
0.33834 0.238134
0.33834 0.239247
0.340567 0.241474
0.340567 0.243701
0.34168 0.244814
0.34168 0.245928
0.342794 0.247041
0.342794 0.248155
0.343907 0.249268
0.343907 0.250381
0.345021 0.251495
0.345021 0.252608
0.346134 0.253722
0.346134 0.254835
0.347247 0.255948
0.347247 0.257062
0.348361 0.258175
0.348361 0.259289
0.349474 0.260402
0.349474 0.261515
0.350588 0.262629
0.350588 0.263742
0.351701 0.264856
0.351701 0.265969
0.352814 0.267082
0.352814 0.268196
0.353928 0.269309
0.353928 0.270423
0.355041 0.271536
0.355041 0.272649
0.356155 0.273763
0.356155 0.274876
0.357268 0.27599
0.357268 0.277103
0.358381 0.278216
0.358381 0.27933
0.359495 0.280443
0.359495 0.281557
0.360608 0.28267
0.360608 0.283784
0.361722 0.284897
0.361722 0.28601
0.362835 0.287124
0.362835 0.288237
0.363948 0.289351
0.363948 0.290464
0.365062 0.291577
0.365062 0.292691
0.366175 0.293804
0.366175 0.294918
0.367289 0.296031
0.367289 0.298258
0.368402 0.299371
0.371742 0.299371
0.372856 0.300485
0.378423 0.300485
0.379536 0.301598
0.386216 0.301598
0.38733 0.302711
0.39401 0.302711
0.395124 0.303825
0.401804 0.303825
0.402918 0.304938
0.409598 0.304938
0.410711 0.306052
0.417392 0.306052
0.418505 0.307165
0.425186 0.307165
0.426299 0.308278
0.432979 0.308278
0.434093 0.309392
0.440773 0.309392
0.443 0.311619
0.43966 0.314959
0.438546 0.314959
0.397351 0.356155
0.396237 0.356155
0.39067 0.361722
0.39067 0.362835
0.389557 0.363948
0.389557 0.366175
0.39067 0.367289
0.39067 0.372856
0.391784 0.373969
0.391784 0.379536
0.392897 0.380649
0.392897 0.385103
0.39401 0.386216
0.39401 0.391784
0.395124 0.392897
0.395124 0.398464
0.396237 0.399577
0.396237 0.405144
0.397351 0.406258
0.397351 0.411825
0.398464 0.412938
0.398464 0.417392
0.399577 0.418505
0.399577 0.424072
0.400691 0.425186
0.400691 0.430753
0.401804 0.431866
0.401804 0.437433
0.400691 0.438546
0.398464 0.43632
0.397351 0.43632
0.396237 0.435206
0.395124 0.435206
0.392897 0.432979
0.391784 0.432979
0.39067 0.431866
0.389557 0.431866
0.388443 0.430753
0.38733 0.430753
0.386216 0.429639
0.385103 0.429639
0.38399 0.428526
0.382876 0.428526
0.381763 0.427412
0.380649 0.427412
0.379536 0.426299
0.378423 0.426299
0.377309 0.425186
0.376196 0.425186
0.375082 0.424072
0.373969 0.424072
0.372856 0.422959
0.371742 0.422959
0.369515 0.420732
0.368402 0.420732
0.367289 0.419619
0.366175 0.419619
0.365062 0.418505
0.363948 0.418505
0.362835 0.417392
0.361722 0.417392
0.360608 0.416278
0.359495 0.416278
0.358381 0.415165
0.357268 0.415165
0.356155 0.414052
0.355041 0.414052
0.353928 0.412938
0.352814 0.412938
0.351701 0.411825
0.350588 0.411825
0.348361 0.409598
0.347247 0.409598
0.346134 0.408485
0.345021 0.408485
0.343907 0.407371
0.342794 0.407371
0.34168 0.406258
0.340567 0.406258
0.339454 0.405144
0.33834 0.405144
0.337227 0.404031
0.332773 0.404031
0.33166 0.405144
0.330546 0.405144
0.329433 0.406258
0.32832 0.406258
0.327206 0.407371
0.326093 0.407371
0.324979 0.408485
0.323866 0.408485
0.322753 0.409598
0.321639 0.409598
0.319412 0.411825
0.318299 0.411825
0.317186 0.412938
0.316072 0.412938
0.314959 0.414052
0.313845 0.414052
0.312732 0.415165
0.311619 0.415165
0.310505 0.416278
0.309392 0.416278
0.308278 0.417392
0.307165 0.417392
0.306052 0.418505
0.304938 0.418505
0.303825 0.419619
0.302711 0.419619
0.301598 0.420732
0.300485 0.420732
0.298258 0.422959
0.297144 0.422959
0.296031 0.424072
0.294918 0.424072
0.293804 0.425186
0.292691 0.425186
0.291577 0.426299
0.290464 0.426299
0.289351 0.427412
0.288237 0.427412
0.287124 0.428526
0.28601 0.428526
0.284897 0.429639
0.283784 0.429639
0.28267 0.430753
0.281557 0.430753
0.280443 0.431866
0.27933 0.431866
0.277103 0.434093
0.27599 0.434093
0.274876 0.435206
0.273763 0.435206
0.272649 0.43632
0.271536 0.43632
0.269309 0.438546
0.268196 0.437433
0.268196 0.431866
0.269309 0.430753
0.269309 0.425186
0.270423 0.424072
0.270423 0.419619
0.271536 0.418505
0.271536 0.412938
0.272649 0.411825
0.272649 0.406258
0.273763 0.405144
0.273763 0.399577
0.274876 0.398464
0.274876 0.392897
0.27599 0.391784
0.27599 0.386216
0.277103 0.385103
0.277103 0.380649
0.278216 0.379536
0.278216 0.373969
0.27933 0.372856
0.27933 0.367289
0.280443 0.366175
0.280443 0.363948
0.27933 0.362835
0.27933 0.361722
0.273763 0.356155
0.272649 0.356155
0.229227 0.312732
0.228113 0.312732
0.227 0.311619
0.229227 0.309392
0.235907 0.309392
0.237021 0.308278
0.243701 0.308278
0.244814 0.307165
0.251495 0.307165
0.252608 0.306052
0.259289 0.306052
0.260402 0.304938
0.267082 0.304938
0.268196 0.303825
0.274876 0.303825
0.27599 0.302711
0.28267 0.302711
0.283784 0.301598
0.290464 0.301598
0.291577 0.300485
0.298258 0.300485
0.299371 0.299371
0.301598 0.299371
0.301598 0.298258
0.302711 0.297144
0.302711 0.296031
0.303825 0.294918
0.303825 0.293804
0.304938 0.292691
0.304938 0.291577
0.306052 0.290464
0.306052 0.289351
0.307165 0.288237
0.307165 0.287124
0.308278 0.28601
0.308278 0.284897
0.309392 0.283784
0.309392 0.28267
0.310505 0.281557
0.310505 0.280443
0.311619 0.27933
0.311619 0.278216
0.312732 0.277103
0.312732 0.27599
0.313845 0.274876
0.313845 0.273763
0.314959 0.272649
0.314959 0.271536
0.316072 0.270423
0.316072 0.269309
0.317186 0.268196
0.317186 0.267082
0.318299 0.265969
0.318299 0.264856
0.319412 0.263742
0.319412 0.262629
0.320526 0.261515
0.320526 0.260402
0.321639 0.259289
0.321639 0.258175
0.322753 0.257062
0.322753 0.255948
0.323866 0.254835
0.323866 0.253722
0.324979 0.252608
0.324979 0.251495
0.326093 0.250381
0.326093 0.249268
0.327206 0.248155
0.327206 0.247041
0.32832 0.245928
0.32832 0.244814
0.329433 0.243701
0.329433 0.242588
0.330546 0.241474
0.330546 0.240361
0.33166 0.239247
0.33166 0.238134
0.332773 0.237021
0.332773 0.235907
0.333887 0.234794
0.333887 0.249268
0.333887 0.250381
0.332773 0.251495
0.332773 0.252608
0.33166 0.253722
0.33166 0.254835
0.330546 0.255948
0.330546 0.257062
0.329433 0.258175
0.329433 0.259289
0.32832 0.260402
0.32832 0.261515
0.327206 0.262629
0.327206 0.263742
0.326093 0.264856
0.326093 0.267082
0.324979 0.268196
0.324979 0.269309
0.322753 0.271536
0.322753 0.273763
0.321639 0.274876
0.321639 0.27599
0.320526 0.277103
0.320526 0.278216
0.319412 0.27933
0.319412 0.280443
0.318299 0.281557
0.318299 0.28267
0.317186 0.283784
0.317186 0.284897
0.316072 0.28601
0.316072 0.287124
0.314959 0.288237
0.314959 0.289351
0.313845 0.290464
0.313845 0.291577
0.312732 0.292691
0.312732 0.293804
0.311619 0.294918
0.311619 0.296031
0.310505 0.297144
0.310505 0.298258
0.309392 0.299371
0.309392 0.300485
0.308278 0.301598
0.308278 0.302711
0.307165 0.303825
0.307165 0.304938
0.304938 0.307165
0.298258 0.307165
0.297144 0.308278
0.291577 0.308278
0.290464 0.309392
0.283784 0.309392
0.28267 0.310505
0.27599 0.310505
0.274876 0.311619
0.268196 0.311619
0.267082 0.312732
0.260402 0.312732
0.259289 0.313845
0.252608 0.313845
0.251495 0.314959
0.245928 0.314959
0.244814 0.316072
0.243701 0.316072
0.243701 0.318299
0.245928 0.320526
0.247041 0.320526
0.288237 0.361722
0.288237 0.366175
0.287124 0.367289
0.287124 0.372856
0.28601 0.373969
0.28601 0.379536
0.284897 0.380649
0.284897 0.386216
0.283784 0.38733
0.283784 0.391784
0.28267 0.392897
0.28267 0.398464
0.281557 0.399577
0.281557 0.405144
0.280443 0.406258
0.280443 0.411825
0.27933 0.412938
0.27933 0.418505
0.278216 0.419619
0.278216 0.424072
0.280443 0.424072
0.281557 0.422959
0.28267 0.422959
0.283784 0.421845
0.284897 0.421845
0.28601 0.420732
0.287124 0.420732
0.289351 0.418505
0.290464 0.418505
0.291577 0.417392
0.292691 0.417392
0.293804 0.416278
0.294918 0.416278
0.296031 0.415165
0.297144 0.415165
0.298258 0.414052
0.299371 0.414052
0.300485 0.412938
0.301598 0.412938
0.302711 0.411825
0.303825 0.411825
0.304938 0.410711
0.306052 0.410711
0.308278 0.408485
0.309392 0.408485
0.310505 0.407371
0.311619 0.407371
0.312732 0.406258
0.313845 0.406258
0.314959 0.405144
0.316072 0.405144
0.317186 0.404031
0.318299 0.404031
0.319412 0.402918
0.320526 0.402918
0.321639 0.401804
0.322753 0.401804
0.323866 0.400691
0.324979 0.400691
0.326093 0.399577
0.327206 0.399577
0.32832 0.398464
0.329433 0.398464
0.330546 0.397351
0.33166 0.397351
0.333887 0.395124
0.336113 0.395124
0.337227 0.396237
0.33834 0.396237
0.340567 0.398464
0.34168 0.398464
0.342794 0.399577
0.343907 0.399577
0.345021 0.400691
0.346134 0.400691
0.347247 0.401804
0.348361 0.401804
0.349474 0.402918
0.350588 0.402918
0.351701 0.404031
0.352814 0.404031
0.353928 0.405144
0.355041 0.405144
0.356155 0.406258
0.357268 0.406258
0.358381 0.407371
0.359495 0.407371
0.361722 0.409598
0.362835 0.409598
0.363948 0.410711
0.365062 0.410711
0.366175 0.411825
0.367289 0.411825
0.368402 0.412938
0.369515 0.412938
0.370629 0.414052
0.371742 0.414052
0.372856 0.415165
0.373969 0.415165
0.375082 0.416278
0.376196 0.416278
0.377309 0.417392
0.378423 0.417392
0.379536 0.418505
0.380649 0.418505
0.382876 0.420732
0.38399 0.420732
0.385103 0.421845
0.386216 0.421845
0.38733 0.422959
0.388443 0.422959
0.389557 0.424072
0.391784 0.424072
0.391784 0.419619
0.39067 0.418505
0.39067 0.412938
0.389557 0.411825
0.389557 0.406258
0.388443 0.405144
0.388443 0.399577
0.38733 0.398464
0.38733 0.392897
0.386216 0.391784
0.386216 0.38733
0.385103 0.386216
0.385103 0.380649
0.38399 0.379536
0.38399 0.373969
0.382876 0.372856
0.382876 0.367289
0.381763 0.366175
0.381763 0.361722
0.422959 0.320526
0.424072 0.320526
0.426299 0.318299
0.426299 0.316072
0.425186 0.316072
0.424072 0.314959
0.418505 0.314959
0.417392 0.313845
0.410711 0.313845
0.409598 0.312732
0.402918 0.312732
0.401804 0.311619
0.395124 0.311619
0.39401 0.310505
0.38733 0.310505
0.386216 0.309392
0.380649 0.309392
0.379536 0.308278
0.372856 0.308278
0.371742 0.307165
0.365062 0.307165
0.362835 0.304938
0.362835 0.303825
0.361722 0.302711
0.361722 0.301598
0.360608 0.300485
0.360608 0.299371
0.359495 0.298258
0.359495 0.297144
0.358381 0.296031
0.358381 0.294918
0.357268 0.293804
0.357268 0.292691
0.356155 0.291577
0.356155 0.290464
0.355041 0.289351
0.355041 0.288237
0.353928 0.287124
0.353928 0.28601
0.352814 0.284897
0.352814 0.283784
0.351701 0.28267
0.351701 0.281557
0.350588 0.280443
0.350588 0.27933
0.349474 0.278216
0.349474 0.277103
0.348361 0.27599
0.348361 0.274876
0.347247 0.273763
0.347247 0.272649
0.346134 0.271536
0.346134 0.270423
0.345021 0.269309
0.345021 0.268196
0.343907 0.267082
0.343907 0.264856
0.342794 0.263742
0.342794 0.262629
0.34168 0.261515
0.34168 0.260402
0.339454 0.258175
0.339454 0.255948
0.33834 0.254835
0.33834 0.253722
0.337227 0.252608
0.337227 0.251495
0.336113 0.250381
0.336113 0.249268
0.333887 0.250381
0.335 0.249268
0.336113 0.250381
0.336113 0.251495
0.337227 0.252608
0.337227 0.253722
0.33834 0.254835
0.33834 0.255948
0.339454 0.257062
0.339454 0.258175
0.340567 0.259289
0.340567 0.260402
0.34168 0.261515
0.34168 0.262629
0.342794 0.263742
0.342794 0.264856
0.343907 0.265969
0.343907 0.268196
0.345021 0.269309
0.345021 0.270423
0.346134 0.271536
0.346134 0.272649
0.347247 0.273763
0.347247 0.274876
0.348361 0.27599
0.348361 0.277103
0.349474 0.278216
0.349474 0.27933
0.350588 0.280443
0.350588 0.281557
0.351701 0.28267
0.351701 0.283784
0.352814 0.284897
0.352814 0.28601
0.353928 0.287124
0.353928 0.288237
0.355041 0.289351
0.355041 0.290464
0.356155 0.291577
0.356155 0.292691
0.357268 0.293804
0.357268 0.294918
0.358381 0.296031
0.358381 0.297144
0.359495 0.298258
0.359495 0.299371
0.360608 0.300485
0.360608 0.301598
0.361722 0.302711
0.361722 0.303825
0.362835 0.304938
0.362835 0.306052
0.363948 0.306052
0.365062 0.307165
0.371742 0.307165
0.372856 0.308278
0.379536 0.308278
0.380649 0.309392
0.386216 0.309392
0.38733 0.310505
0.39401 0.310505
0.395124 0.311619
0.401804 0.311619
0.402918 0.312732
0.409598 0.312732
0.410711 0.313845
0.417392 0.313845
0.418505 0.314959
0.424072 0.314959
0.426299 0.317186
0.422959 0.320526
0.421845 0.320526
0.381763 0.360608
0.381763 0.366175
0.382876 0.367289
0.382876 0.372856
0.38399 0.373969
0.38399 0.379536
0.385103 0.380649
0.385103 0.386216
0.386216 0.38733
0.386216 0.391784
0.38733 0.392897
0.38733 0.398464
0.388443 0.399577
0.388443 0.405144
0.389557 0.406258
0.389557 0.411825
0.39067 0.412938
0.39067 0.418505
0.391784 0.419619
0.391784 0.422959
0.39067 0.424072
0.389557 0.422959
0.388443 0.422959
0.38733 0.421845
0.386216 0.421845
0.385103 0.420732
0.38399 0.420732
0.381763 0.418505
0.380649 0.418505
0.379536 0.417392
0.378423 0.417392
0.377309 0.416278
0.376196 0.416278
0.375082 0.415165
0.373969 0.415165
0.372856 0.414052
0.371742 0.414052
0.370629 0.412938
0.369515 0.412938
0.368402 0.411825
0.367289 0.411825
0.366175 0.410711
0.365062 0.410711
0.363948 0.409598
0.362835 0.409598
0.360608 0.407371
0.359495 0.407371
0.358381 0.406258
0.357268 0.406258
0.356155 0.405144
0.355041 0.405144
0.353928 0.404031
0.352814 0.404031
0.351701 0.402918
0.350588 0.402918
0.349474 0.401804
0.348361 0.401804
0.347247 0.400691
0.346134 0.400691
0.345021 0.399577
0.343907 0.399577
0.342794 0.398464
0.34168 0.398464
0.339454 0.396237
0.33834 0.396237
0.337227 0.395124
0.332773 0.395124
0.330546 0.397351
0.329433 0.397351
0.32832 0.398464
0.327206 0.398464
0.326093 0.399577
0.324979 0.399577
0.323866 0.400691
0.322753 0.400691
0.321639 0.401804
0.320526 0.401804
0.319412 0.402918
0.318299 0.402918
0.317186 0.404031
0.316072 0.404031
0.314959 0.405144
0.313845 0.405144
0.312732 0.406258
0.311619 0.406258
0.310505 0.407371
0.309392 0.407371
0.308278 0.408485
0.307165 0.408485
0.304938 0.410711
0.303825 0.410711
0.302711 0.411825
0.301598 0.411825
0.300485 0.412938
0.299371 0.412938
0.298258 0.414052
0.297144 0.414052
0.296031 0.415165
0.294918 0.415165
0.293804 0.416278
0.292691 0.416278
0.291577 0.417392
0.290464 0.417392
0.289351 0.418505
0.288237 0.418505
0.28601 0.420732
0.284897 0.420732
0.283784 0.421845
0.28267 0.421845
0.281557 0.422959
0.280443 0.422959
0.27933 0.424072
0.278216 0.422959
0.278216 0.419619
0.27933 0.418505
0.27933 0.412938
0.280443 0.411825
0.280443 0.406258
0.281557 0.405144
0.281557 0.399577
0.28267 0.398464
0.28267 0.392897
0.283784 0.391784
0.283784 0.38733
0.284897 0.386216
0.284897 0.380649
0.28601 0.379536
0.28601 0.373969
0.287124 0.372856
0.287124 0.367289
0.288237 0.366175
0.288237 0.360608
0.248155 0.320526
0.247041 0.320526
0.243701 0.317186
0.245928 0.314959
0.251495 0.314959
0.252608 0.313845
0.259289 0.313845
0.260402 0.312732
0.267082 0.312732
0.268196 0.311619
0.274876 0.311619
0.27599 0.310505
0.28267 0.310505
0.283784 0.309392
0.290464 0.309392
0.291577 0.308278
0.297144 0.308278
0.298258 0.307165
0.306052 0.307165
0.307165 0.306052
0.307165 0.304938
0.308278 0.303825
0.308278 0.302711
0.309392 0.301598
0.309392 0.300485
0.310505 0.299371
0.310505 0.298258
0.311619 0.297144
0.311619 0.296031
0.312732 0.294918
0.312732 0.293804
0.313845 0.292691
0.313845 0.291577
0.314959 0.290464
0.314959 0.289351
0.316072 0.288237
0.316072 0.287124
0.317186 0.28601
0.317186 0.284897
0.318299 0.283784
0.318299 0.28267
0.319412 0.281557
0.319412 0.280443
0.320526 0.27933
0.320526 0.278216
0.321639 0.277103
0.321639 0.27599
0.322753 0.274876
0.322753 0.272649
0.324979 0.270423
0.324979 0.269309
0.326093 0.268196
0.326093 0.265969
0.327206 0.264856
0.327206 0.263742
0.32832 0.262629
0.32832 0.261515
0.329433 0.260402
0.329433 0.259289
0.330546 0.258175
0.330546 0.257062
0.33166 0.255948
0.33166 0.254835
0.332773 0.253722
0.332773 0.252608
0.333887 0.251495
