0.212558 0.461209
0.211349 0.46
0.21014 0.458791
0.20893 0.457581
0.207721 0.456372
0.206512 0.455163
0.205302 0.455163
0.204093 0.453953
0.202884 0.452744
0.201674 0.451535
0.201674 0.450326
0.200465 0.449116
0.199256 0.447907
0.198047 0.446698
0.196837 0.445488
0.195628 0.444279
0.194419 0.44307
0.193209 0.44186
0.192 0.44186
0.190791 0.440651
0.189581 0.439442
0.188372 0.438233
0.187163 0.437023
0.185953 0.435814
0.184744 0.434605
0.183535 0.433395
0.182326 0.432186
0.182326 0.430977
0.181116 0.429767
0.179907 0.428558
0.178698 0.427349
0.177488 0.427349
0.176279 0.42614
0.176279 0.42493
0.17507 0.423721
0.17386 0.422512
0.172651 0.422512
0.171442 0.421302
0.170233 0.420093
0.169023 0.418884
0.167814 0.417674
0.166605 0.416465
0.165395 0.415256
0.164186 0.414047
0.162977 0.412837
0.162977 0.411628
0.161767 0.410419
0.160558 0.409209
0.159349 0.408
0.15814 0.406791
0.15693 0.405581
0.155721 0.405581
0.154512 0.404372
0.153302 0.403163
0.152093 0.401953
0.150884 0.400744
0.149674 0.400744
0.148465 0.399535
0.147256 0.398326
0.146047 0.397116
0.144837 0.395907
0.143628 0.394698
0.142419 0.393488
0.141209 0.392279
0.14 0.39107
0.138791 0.38986
0.137581 0.388651
0.136372 0.388651
0.135163 0.387442
0.133953 0.386233
0.132744 0.386233
0.131535 0.385023
0.130326 0.383814
0.129116 0.382605
0.127907 0.381395
0.126698 0.381395
0.125488 0.381395
0.124279 0.380186
0.12307 0.378977
0.12186 0.378977
0.120651 0.377767
0.119442 0.376558
0.118233 0.376558
0.117023 0.376558
0.115814 0.375349
0.114605 0.37414
0.113395 0.37414
0.112186 0.37414
0.110977 0.37293
0.109767 0.371721
0.108558 0.371721
0.107349 0.371721
0.10614 0.371721
0.10493 0.371721
0.103721 0.370512
0.102512 0.370512
0.101302 0.370512
0.100093 0.370512
0.0988837 0.370512
0.0976744 0.370512
0.0964651 0.371721
0.0952558 0.371721
0.0940465 0.371721
0.0928372 0.371721
0.0916279 0.371721
0.0904186 0.383814
0.0892093 0.37293
0.088 0.37414
0.0867907 0.37414
0.0855814 0.37414
0.0843721 0.375349
0.0831628 0.376558
0.0819535 0.376558
0.0807442 0.377767
0.0795349 0.378977
0.0783256 0.380186
0.0771163 0.381395
0.075907 0.382605
0.0746977 0.383814
0.0734884 0.385023
0.0722791 0.386233
0.0722791 0.387442
0.0710698 0.388651
0.0710698 0.38986
0.0698605 0.39107
0.0698605 0.392279
0.0686512 0.393488
0.0686512 0.394698
0.0686512 0.395907
0.0686512 0.397116
0.0674419 0.398326
0.0674419 0.399535
0.0674419 0.400744
0.0662326 0.401953
0.0662326 0.403163
0.0662326 0.404372
0.0662326 0.405581
0.0662326 0.406791
0.0662326 0.408
0.0662326 0.409209
0.0662326 0.410419
0.0662326 0.411628
0.0662326 0.412837
0.0662326 0.414047
0.0662326 0.414047
0.0662326 0.416465
0.0662326 0.417674
0.0662326 0.418884
0.0674419 0.420093
0.0674419 0.421302
0.0674419 0.422512
0.0674419 0.423721
0.0674419 0.42493
0.0686512 0.42614
0.0686512 0.427349
0.0686512 0.428558
0.0698605 0.429767
0.0698605 0.430977
0.0698605 0.432186
0.0710698 0.433395
0.0710698 0.434605
0.0722791 0.42493
0.0722791 0.437023
0.0964651 0.438233
0.0734884 0.439442
0.0734884 0.440651
0.0746977 0.44186
0.0746977 0.44307
0.075907 0.444279
0.0771163 0.445488
0.0771163 0.446698
0.0783256 0.447907
0.0795349 0.449116
0.0807442 0.450326
0.0819535 0.451535
0.0819535 0.452744
0.0831628 0.453953
0.0843721 0.455163
0.0855814 0.456372
0.0867907 0.456372
0.088 0.457581
0.0892093 0.458791
0.0904186 0.46
0.0916279 0.46
0.0928372 0.461209
0.0940465 0.462419
0.0952558 0.463628
0.0964651 0.464837
0.0964651 0.466047
0.0952558 0.467256
0.0940465 0.467256
0.0928372 0.468465
0.0916279 0.469674
0.0904186 0.470884
0.0892093 0.470884
0.088 0.472093
0.0867907 0.473302
0.0855814 0.474512
0.0843721 0.475721
0.0831628 0.475721
0.0819535 0.47693
0.0819535 0.47814
0.0807442 0.479349
0.0795349 0.480558
0.0783256 0.481767
0.0771163 0.482977
0.075907 0.484186
0.075907 0.485395
0.0746977 0.486605
0.0746977 0.487814
0.0734884 0.489023
0.0722791 0.490233
0.0710698 0.491442
0.0698605 0.492651
0.0698605 0.49386
0.0686512 0.49507
0.0686512 0.496279
0.0674419 0.497488
0.0674419 0.498698
0.0662326 0.499907
0.0662326 0.501116
0.0650233 0.502326
0.0650233 0.503535
0.063814 0.504744
0.0626047 0.505953
0.0626047 0.507163
0.0626047 0.508372
0.0613953 0.509581
0.0613953 0.510791
0.0613953 0.512
0.060186 0.513209
0.060186 0.514419
0.060186 0.515628
0.0589767 0.516837
0.0589767 0.518047
0.0589767 0.519256
0.0589767 0.520465
0.0589767 0.521674
0.0589767 0.522884
0.0589767 0.524093
0.0589767 0.525302
0.0589767 0.526512
0.0589767 0.527721
0.0589767 0.52893
0.0589767 0.53014
0.060186 0.531349
0.060186 0.532558
0.060186 0.533767
0.0613953 0.534977
0.0613953 0.536186
0.0613953 0.537395
0.0626047 0.538605
0.0626047 0.539814
0.063814 0.541023
0.0650233 0.542233
0.0662326 0.543442
0.0674419 0.544651
0.0686512 0.54586
0.0698605 0.54707
0.0710698 0.548279
0.0722791 0.549488
0.0734884 0.549488
0.0746977 0.550698
0.075907 0.551907
0.0771163 0.551907
0.0783256 0.553116
0.0795349 0.553116
0.0807442 0.553116
0.0819535 0.554326
0.0831628 0.554326
0.0843721 0.554326
0.0855814 0.554326
0.0867907 0.555535
0.088 0.555535
0.0892093 0.555535
0.0904186 0.555535
0.0916279 0.555535
0.0928372 0.555535
0.0940465 0.555535
0.0952558 0.555535
0.0964651 0.555535
0.0976744 0.555535
0.0988837 0.555535
0.100093 0.554326
0.101302 0.554326
0.102512 0.554326
0.103721 0.554326
0.10493 0.554326
0.10614 0.554326
0.107349 0.553116
0.108558 0.553116
0.109767 0.553116
0.110977 0.551907
0.112186 0.551907
0.113395 0.551907
0.114605 0.551907
0.115814 0.550698
0.117023 0.550698
0.118233 0.549488
0.119442 0.549488
0.120651 0.548279
0.12186 0.548279
0.12307 0.54707
0.124279 0.54586
0.125488 0.54586
0.126698 0.544651
0.127907 0.543442
0.129116 0.543442
0.130326 0.542233
0.131535 0.542233
0.132744 0.541023
0.133953 0.539814
0.135163 0.538605
0.136372 0.537395
0.137581 0.536186
0.138791 0.534977
0.14 0.533767
0.141209 0.532558
0.142419 0.410419
0.143628 0.53014
0.144837 0.52893
0.146047 0.52893
0.147256 0.527721
0.148465 0.526512
0.149674 0.525302
0.150884 0.524093
0.152093 0.522884
0.153302 0.522884
0.154512 0.521674
0.155721 0.520465
0.15693 0.519256
0.15814 0.518047
0.159349 0.516837
0.160558 0.515628
0.161767 0.514419
0.162977 0.513209
0.164186 0.513209
0.165395 0.512
0.166605 0.510791
0.167814 0.509581
0.169023 0.508372
0.170233 0.507163
0.171442 0.505953
0.172651 0.504744
0.17386 0.503535
0.17507 0.502326
0.165395 0.501116
0.177488 0.499907
0.178698 0.498698
0.179907 0.497488
0.181116 0.496279
0.182326 0.49507
0.183535 0.49386
0.184744 0.492651
0.185953 0.491442
0.187163 0.490233
0.188372 0.489023
0.189581 0.487814
0.190791 0.486605
0.192 0.485395
0.193209 0.484186
0.193209 0.482977
0.194419 0.481767
0.195628 0.480558
0.196837 0.479349
0.198047 0.47814
0.199256 0.47693
0.200465 0.475721
0.201674 0.474512
0.202884 0.473302
0.204093 0.472093
0.205302 0.519256
0.206512 0.469674
0.207721 0.469674
0.20893 0.467256
0.21014 0.466047
0.211349 0.464837
0.212558 0.463628
0.213767 0.462419
0.214977 0.461209
