24 449
25 449
26 449
27 449
28 449
29 449
30 449
31 449
32 449
33 449
34 448
35 448
36 448
37 447
38 447
39 447
40 447
41 446
42 446
43 446
44 446
45 445
46 445
47 444
48 444
49 443
50 443
51 442
52 441
53 440
54 440
55 439
56 438
57 438
58 436
59 435
60 433
61 433
62 431
63 430
64 427
65 427
66 424
67 423
68 421
69 419
70 417
71 414
72 413
73 410
74 409
75 406
76 406
77 402
78 401
79 398
80 397
81 394
82 392
83 390
84 387
85 386
86 383
87 382
88 378
89 377
90 374
91 373
92 369
93 368
94 365
95 363
96 360
97 359
98 356
99 353
100 351
101 348
102 347
103 343
104 342
105 338
106 338
107 334
108 333
109 330
110 328
111 325
112 322
113 320
114 317
115 316
116 313
117 312
118 308
119 307
120 303
121 303
122 299
123 298
124 294
125 292
126 290
127 287
128 285
129 282
130 280
131 277
132 276
133 273
134 272
135 268
136 267
137 263
138 262
139 259
140 257
141 254
142 251
143 250
144 247
145 245
146 242
147 241
148 237
149 236
150 232
151 231
152 228
153 227
154 223
155 222
156 219
157 217
158 215
159 211
160 210
161 206
162 206
163 202
164 201
165 197
166 196
167 193
168 191
169 188
170 187
171 184
172 182
173 179
174 176
175 175
176 171
177 170
178 166
179 166
180 162
181 161
182 157
183 156
184 153
185 151
186 148
187 146
188 144
189 141
190 140
191 136
192 135
193 131
194 130
195 126
196 125
197 122
198 120
199 118
200 115
201 113
202 110
203 108
204 105
205 104
206 101
207 100
208 95
209 95
210 91
211 90
212 87
213 86
214 82
215 80
216 78
217 75
218 73
219 70
220 69
221 65
222 64
223 60
224 60
225 56
226 55
227 51
228 51
229 51
230 51
231 51
232 51
233 51
234 51
235 51
236 51
237 51
238 51
239 51
240 51
241 51
242 51
243 51
244 51
245 51
246 51
247 51
248 51
249 51
250 51
251 51
252 52
253 56
254 57
255 60
256 62
257 64
258 67
259 69
260 71
261 73
262 77
263 77
264 81
265 82
266 86
267 86
268 90
269 91
270 94
271 96
272 99
273 101
274 103
275 106
276 107
277 111
278 112
279 115
280 116
281 120
282 120
283 124
284 125
285 128
286 130
287 133
288 135
289 137
290 140
291 142
292 145
293 146
294 149
295 150
296 154
297 155
298 159
299 159
300 163
301 164
302 167
303 170
304 171
305 174
306 176
307 179
308 180
309 184
310 185
311 188
312 189
313 193
314 193
315 197
316 199
317 201
318 204
319 205
320 209
321 210
322 213
323 214
324 218
325 219
326 222
327 223
328 227
329 228
330 231
331 233
332 235
333 238
334 240
335 243
336 244
337 248
338 248
339 252
340 253
341 256
342 258
343 261
344 262
345 265
346 267
347 269
348 272
349 274
350 277
351 278
352 282
353 283
354 286
355 287
356 291
357 292
358 295
359 296
360 299
361 302
362 304
363 307
364 308
365 311
366 312
367 316
368 317
369 320
370 321
371 325
372 326
373 329
374 331
375 334
376 336
377 338
378 341
379 342
380 346
381 347
382 350
383 351
384 355
385 355
386 359
387 360
388 363
389 365
390 368
391 370
392 372
393 375
394 376
395 380
396 381
397 384
398 385
399 389
400 390
401 393
402 394
403 398
404 399
405 402
406 404
407 406
408 409
409 410
410 413
411 414
412 417
413 418
414 421
415 422
416 425
417 426
418 428
419 429
420 431
421 433
422 434
423 436
424 436
425 438
426 439
427 440
428 441
429 442
430 442
431 443
432 443
433 444
434 444
435 444
436 445
437 445
438 446
439 446
440 446
441 446
442 447
443 447
444 447
445 447
446 447
447 448
448 448
449 448
450 449
451 449
452 449
453 449
454 449
455 449
456 449
457 449
458 449
459 450
460 452
