[111, 19]
[111, 21]
[110, 22]
[110, 23]
[109, 24]
[109, 25]
[108, 26]
[108, 27]
[107, 28]
[107, 29]
[106, 30]
[106, 31]
[105, 32]
[105, 33]
[104, 34]
[104, 35]
[103, 36]
[103, 37]
[102, 38]
[102, 39]
[101, 40]
[101, 41]
[100, 42]
[100, 43]
[99, 44]
[99, 46]
[97, 48]
[97, 49]
[96, 50]
[96, 51]
[95, 52]
[95, 53]
[94, 54]
[94, 55]
[93, 56]
[93, 57]
[92, 58]
[92, 59]
[91, 60]
[91, 61]
[90, 62]
[90, 63]
[89, 64]
[89, 65]
[88, 66]
[88, 67]
[87, 68]
[87, 69]
[86, 70]
[86, 71]
[85, 72]
[85, 73]
[84, 74]
[84, 75]
[83, 76]
[83, 77]
[82, 78]
[82, 79]
[81, 80]
[80, 80]
[79, 81]
[73, 81]
[72, 82]
[66, 82]
[65, 83]
[59, 83]
[58, 84]
[52, 84]
[51, 85]
[45, 85]
[44, 86]
[38, 86]
[37, 87]
[31, 87]
[30, 88]
[24, 88]
[23, 89]
[17, 89]
[16, 90]
[15, 90]
[15, 92]
[16, 92]
[55, 131]
[56, 131]
[63, 138]
[63, 140]
[62, 141]
[62, 146]
[61, 147]
[61, 152]
[60, 153]
[60, 157]
[59, 158]
[59, 163]
[58, 164]
[58, 169]
[57, 170]
[57, 175]
[56, 176]
[56, 181]
[55, 182]
[55, 187]
[54, 188]
[54, 192]
[53, 193]
[53, 198]
[52, 199]
[52, 204]
[53, 205]
[54, 204]
[55, 204]
[56, 203]
[57, 203]
[58, 202]
[59, 202]
[60, 201]
[61, 201]
[63, 199]
[64, 199]
[65, 198]
[66, 198]
[67, 197]
[68, 197]
[69, 196]
[70, 196]
[71, 195]
[72, 195]
[73, 194]
[74, 194]
[75, 193]
[76, 193]
[77, 192]
[78, 192]
[79, 191]
[80, 191]
[82, 189]
[83, 189]
[84, 188]
[85, 188]
[86, 187]
[87, 187]
[88, 186]
[89, 186]
[90, 185]
[91, 185]
[92, 184]
[93, 184]
[94, 183]
[95, 183]
[96, 182]
[97, 182]
[98, 181]
[99, 181]
[101, 179]
[102, 179]
[103, 178]
[104, 178]
[105, 177]
[106, 177]
[107, 176]
[108, 176]
[109, 175]
[110, 175]
[111, 174]
[113, 174]
[114, 175]
[115, 175]
[116, 176]
[117, 176]
[118, 177]
[119, 177]
[120, 178]
[121, 178]
[122, 179]
[123, 179]
[125, 181]
[126, 181]
[127, 182]
[128, 182]
[129, 183]
[130, 183]
[131, 184]
[132, 184]
[133, 185]
[134, 185]
[135, 186]
[136, 186]
[137, 187]
[138, 187]
[139, 188]
[140, 188]
[141, 189]
[142, 189]
[144, 191]
[145, 191]
[146, 192]
[147, 192]
[148, 193]
[149, 193]
[150, 194]
[151, 194]
[152, 195]
[153, 195]
[154, 196]
[155, 196]
[156, 197]
[157, 197]
[158, 198]
[159, 198]
[160, 199]
[161, 199]
[162, 200]
[163, 200]
[165, 202]
[166, 202]
[167, 203]
[168, 203]
[169, 204]
[170, 204]
[171, 205]
[172, 204]
[172, 199]
[171, 198]
[171, 193]
[170, 192]
[170, 187]
[169, 186]
[169, 182]
[168, 181]
[168, 176]
[167, 175]
[167, 170]
[166, 169]
[166, 164]
[165, 163]
[165, 158]
[164, 157]
[164, 153]
[163, 152]
[163, 147]
[162, 146]
[162, 141]
[161, 140]
[161, 138]
[168, 131]
[169, 131]
[206, 94]
[207, 94]
[209, 92]
[209, 90]
[208, 90]
[207, 89]
[201, 89]
[200, 88]
[194, 88]
[193, 87]
[187, 87]
[186, 86]
[180, 86]
[179, 85]
[173, 85]
[172, 84]
[166, 84]
[165, 83]
[159, 83]
[158, 82]
[152, 82]
[151, 81]
[146, 81]
[145, 80]
[143, 80]
[141, 78]
[141, 76]
[140, 75]
[140, 74]
[139, 73]
[139, 72]
[138, 71]
[138, 70]
[137, 69]
[137, 68]
[136, 67]
[136, 66]
[134, 64]
[134, 62]
[133, 61]
[133, 60]
[132, 59]
[132, 58]
[130, 56]
[130, 54]
[129, 53]
[129, 52]
[128, 51]
[128, 50]
[127, 49]
[127, 48]
[125, 46]
[125, 44]
[124, 43]
[124, 42]
[123, 41]
[123, 40]
[122, 39]
[122, 38]
[121, 37]
[121, 36]
[120, 35]
[120, 34]
[119, 33]
[119, 32]
[118, 31]
[118, 30]
[117, 29]
[117, 28]
[116, 27]
[116, 26]
[115, 25]
[115, 24]
[114, 23]
[114, 22]
[113, 21]
[113, 19]
[112, 20]
[111, 21]
[112, 20]
[113, 21]
[113, 22]
[114, 23]
[114, 24]
[115, 25]
[115, 26]
[117, 28]
[117, 30]
[118, 31]
[118, 32]
[119, 33]
[119, 34]
[120, 35]
[120, 36]
[121, 37]
[121, 38]
[122, 39]
[122, 40]
[123, 41]
[123, 42]
[124, 43]
[124, 44]
[125, 45]
[125, 46]
[126, 47]
[126, 48]
[127, 49]
[127, 50]
[128, 51]
[128, 52]
[129, 53]
[129, 54]
[130, 55]
[130, 56]
[131, 57]
[131, 58]
[132, 59]
[132, 60]
[133, 61]
[133, 62]
[134, 63]
[134, 64]
[135, 65]
[135, 66]
[136, 67]
[136, 68]
[137, 69]
[137, 70]
[138, 71]
[138, 72]
[139, 73]
[139, 74]
[140, 75]
[140, 76]
[141, 77]
[141, 79]
[142, 80]
[145, 80]
[146, 81]
[151, 81]
[152, 82]
[158, 82]
[159, 83]
[165, 83]
[166, 84]
[172, 84]
[173, 85]
[179, 85]
[180, 86]
[186, 86]
[187, 87]
[193, 87]
[194, 88]
[200, 88]
[201, 89]
[207, 89]
[209, 91]
[206, 94]
[205, 94]
[168, 131]
[167, 131]
[162, 136]
[162, 137]
[161, 138]
[161, 140]
[162, 141]
[162, 146]
[163, 147]
[163, 152]
[164, 153]
[164, 157]
[165, 158]
[165, 163]
[166, 164]
[166, 169]
[167, 170]
[167, 175]
[168, 176]
[168, 181]
[169, 182]
[169, 186]
[170, 187]
[170, 192]
[171, 193]
[171, 198]
[172, 199]
[172, 204]
[171, 205]
[169, 203]
[168, 203]
[167, 202]
[166, 202]
[164, 200]
[163, 200]
[162, 199]
[161, 199]
[160, 198]
[159, 198]
[158, 197]
[157, 197]
[156, 196]
[155, 196]
[154, 195]
[153, 195]
[152, 194]
[151, 194]
[150, 193]
[149, 193]
[148, 192]
[147, 192]
[146, 191]
[145, 191]
[143, 189]
[142, 189]
[141, 188]
[140, 188]
[139, 187]
[138, 187]
[137, 186]
[136, 186]
[135, 185]
[134, 185]
[133, 184]
[132, 184]
[131, 183]
[130, 183]
[129, 182]
[128, 182]
[127, 181]
[126, 181]
[124, 179]
[123, 179]
[122, 178]
[121, 178]
[120, 177]
[119, 177]
[118, 176]
[117, 176]
[116, 175]
[115, 175]
[114, 174]
[110, 174]
[109, 175]
[108, 175]
[107, 176]
[106, 176]
[105, 177]
[104, 177]
[103, 178]
[102, 178]
[101, 179]
[100, 179]
[98, 181]
[97, 181]
[96, 182]
[95, 182]
[94, 183]
[93, 183]
[92, 184]
[91, 184]
[90, 185]
[89, 185]
[88, 186]
[87, 186]
[86, 187]
[85, 187]
[84, 188]
[83, 188]
[82, 189]
[81, 189]
[79, 191]
[78, 191]
[77, 192]
[76, 192]
[75, 193]
[74, 193]
[73, 194]
[72, 194]
[71, 195]
[70, 195]
[69, 196]
[68, 196]
[67, 197]
[66, 197]
[65, 198]
[64, 198]
[63, 199]
[62, 199]
[60, 201]
[59, 201]
[58, 202]
[57, 202]
[56, 203]
[55, 203]
[53, 205]
[52, 204]
[52, 199]
[53, 198]
[53, 193]
[54, 192]
[54, 188]
[55, 187]
[55, 182]
[56, 181]
[56, 176]
[57, 175]
[57, 170]
[58, 169]
[58, 164]
[59, 163]
[59, 158]
[60, 157]
[60, 153]
[61, 152]
[61, 147]
[62, 146]
[62, 141]
[63, 140]
[63, 138]
[62, 137]
[62, 136]
[57, 131]
[56, 131]
[17, 92]
[16, 92]
[15, 91]
[17, 89]
[23, 89]
[24, 88]
[30, 88]
[31, 87]
[37, 87]
[38, 86]
[44, 86]
[45, 85]
[51, 85]
[52, 84]
[58, 84]
[59, 83]
[65, 83]
[66, 82]
[72, 82]
[73, 81]
[79, 81]
[80, 80]
[82, 80]
[82, 79]
[83, 78]
[83, 77]
[84, 76]
[84, 75]
[85, 74]
[85, 73]
[86, 72]
[86, 71]
[87, 70]
[87, 69]
[88, 68]
[88, 67]
[89, 66]
[89, 65]
[90, 64]
[90, 63]
[91, 62]
[91, 61]
[92, 60]
[92, 59]
[93, 58]
[93, 57]
[94, 56]
[94, 55]
[95, 54]
[95, 53]
[96, 52]
[96, 51]
[97, 50]
[97, 49]
[98, 48]
[98, 47]
[99, 46]
[99, 45]
[100, 44]
[100, 43]
[101, 42]
[101, 41]
[102, 40]
[102, 39]
[103, 38]
[103, 37]
[104, 36]
[104, 35]
[105, 34]
[105, 33]
[106, 32]
[106, 31]
[107, 30]
[107, 29]
[108, 28]
[108, 27]
[109, 26]
[109, 25]
[110, 24]
[110, 23]
[111, 22]
[111, 35]
[111, 36]
[110, 37]
[110, 38]
[109, 39]
[109, 40]
[108, 41]
[108, 42]
[107, 43]
[107, 44]
[106, 45]
[106, 46]
[105, 47]
[105, 48]
[104, 49]
[104, 51]
[103, 52]
[103, 53]
[101, 55]
[101, 57]
[100, 58]
[100, 59]
[99, 60]
[99, 61]
[98, 62]
[98, 63]
[97, 64]
[97, 65]
[96, 66]
[96, 67]
[95, 68]
[95, 69]
[94, 70]
[94, 71]
[93, 72]
[93, 73]
[92, 74]
[92, 75]
[91, 76]
[91, 77]
[90, 78]
[90, 79]
[89, 80]
[89, 81]
[88, 82]
[88, 83]
[87, 84]
[87, 85]
[85, 87]
[79, 87]
[78, 88]
[73, 88]
[72, 89]
[66, 89]
[65, 90]
[59, 90]
[58, 91]
[52, 91]
[51, 92]
[45, 92]
[44, 93]
[38, 93]
[37, 94]
[32, 94]
[31, 95]
[30, 95]
[30, 97]
[32, 99]
[33, 99]
[70, 136]
[70, 140]
[69, 141]
[69, 146]
[68, 147]
[68, 152]
[67, 153]
[67, 158]
[66, 159]
[66, 163]
[65, 164]
[65, 169]
[64, 170]
[64, 175]
[63, 176]
[63, 181]
[62, 182]
[62, 187]
[61, 188]
[61, 192]
[63, 192]
[64, 191]
[65, 191]
[66, 190]
[67, 190]
[68, 189]
[69, 189]
[71, 187]
[72, 187]
[73, 186]
[74, 186]
[75, 185]
[76, 185]
[77, 184]
[78, 184]
[79, 183]
[80, 183]
[81, 182]
[82, 182]
[83, 181]
[84, 181]
[85, 180]
[86, 180]
[88, 178]
[89, 178]
[90, 177]
[91, 177]
[92, 176]
[93, 176]
[94, 175]
[95, 175]
[96, 174]
[97, 174]
[98, 173]
[99, 173]
[100, 172]
[101, 172]
[102, 171]
[103, 171]
[104, 170]
[105, 170]
[106, 169]
[107, 169]
[108, 168]
[109, 168]
[111, 166]
[113, 166]
[114, 167]
[115, 167]
[117, 169]
[118, 169]
[119, 170]
[120, 170]
[121, 171]
[122, 171]
[123, 172]
[124, 172]
[125, 173]
[126, 173]
[127, 174]
[128, 174]
[129, 175]
[130, 175]
[131, 176]
[132, 176]
[133, 177]
[134, 177]
[136, 179]
[137, 179]
[138, 180]
[139, 180]
[140, 181]
[141, 181]
[142, 182]
[143, 182]
[144, 183]
[145, 183]
[146, 184]
[147, 184]
[148, 185]
[149, 185]
[150, 186]
[151, 186]
[152, 187]
[153, 187]
[155, 189]
[156, 189]
[157, 190]
[158, 190]
[159, 191]
[160, 191]
[161, 192]
[163, 192]
[163, 188]
[162, 187]
[162, 182]
[161, 181]
[161, 176]
[160, 175]
[160, 170]
[159, 169]
[159, 164]
[158, 163]
[158, 159]
[157, 158]
[157, 153]
[156, 152]
[156, 147]
[155, 146]
[155, 141]
[154, 140]
[154, 136]
[191, 99]
[192, 99]
[194, 97]
[194, 95]
[193, 95]
[192, 94]
[187, 94]
[186, 93]
[180, 93]
[179, 92]
[173, 92]
[172, 91]
[166, 91]
[165, 90]
[159, 90]
[158, 89]
[153, 89]
[152, 88]
[146, 88]
[145, 87]
[139, 87]
[137, 85]
[137, 84]
[136, 83]
[136, 82]
[135, 81]
[135, 80]
[134, 79]
[134, 78]
[133, 77]
[133, 76]
[132, 75]
[132, 74]
[131, 73]
[131, 72]
[130, 71]
[130, 70]
[129, 69]
[129, 68]
[128, 67]
[128, 66]
[127, 65]
[127, 64]
[126, 63]
[126, 62]
[125, 61]
[125, 60]
[124, 59]
[124, 58]
[123, 57]
[123, 56]
[122, 55]
[122, 54]
[121, 53]
[121, 52]
[120, 51]
[120, 49]
[119, 48]
[119, 47]
[118, 46]
[118, 45]
[116, 43]
[116, 41]
[115, 40]
[115, 39]
[114, 38]
[114, 37]
[113, 36]
[113, 35]
[111, 36]
[112, 35]
[113, 36]
[113, 37]
[114, 38]
[114, 39]
[115, 40]
[115, 41]
[116, 42]
[116, 43]
[117, 44]
[117, 45]
[118, 46]
[118, 47]
[119, 48]
[119, 49]
[120, 50]
[120, 52]
[121, 53]
[121, 54]
[122, 55]
[122, 56]
[123, 57]
[123, 58]
[124, 59]
[124, 60]
[125, 61]
[125, 62]
[126, 63]
[126, 64]
[127, 65]
[127, 66]
[128, 67]
[128, 68]
[129, 69]
[129, 70]
[130, 71]
[130, 72]
[131, 73]
[131, 74]
[132, 75]
[132, 76]
[133, 77]
[133, 78]
[134, 79]
[134, 80]
[135, 81]
[135, 82]
[136, 83]
[136, 84]
[137, 85]
[137, 86]
[138, 86]
[139, 87]
[145, 87]
[146, 88]
[152, 88]
[153, 89]
[158, 89]
[159, 90]
[165, 90]
[166, 91]
[172, 91]
[173, 92]
[179, 92]
[180, 93]
[186, 93]
[187, 94]
[192, 94]
[194, 96]
[191, 99]
[190, 99]
[154, 135]
[154, 140]
[155, 141]
[155, 146]
[156, 147]
[156, 152]
[157, 153]
[157, 158]
[158, 159]
[158, 163]
[159, 164]
[159, 169]
[160, 170]
[160, 175]
[161, 176]
[161, 181]
[162, 182]
[162, 187]
[163, 188]
[163, 191]
[162, 192]
[161, 191]
[160, 191]
[159, 190]
[158, 190]
[157, 189]
[156, 189]
[154, 187]
[153, 187]
[152, 186]
[151, 186]
[150, 185]
[149, 185]
[148, 184]
[147, 184]
[146, 183]
[145, 183]
[144, 182]
[143, 182]
[142, 181]
[141, 181]
[140, 180]
[139, 180]
[138, 179]
[137, 179]
[135, 177]
[134, 177]
[133, 176]
[132, 176]
[131, 175]
[130, 175]
[129, 174]
[128, 174]
[127, 173]
[126, 173]
[125, 172]
[124, 172]
[123, 171]
[122, 171]
[121, 170]
[120, 170]
[119, 169]
[118, 169]
[116, 167]
[115, 167]
[114, 166]
[110, 166]
[108, 168]
[107, 168]
[106, 169]
[105, 169]
[104, 170]
[103, 170]
[102, 171]
[101, 171]
[100, 172]
[99, 172]
[98, 173]
[97, 173]
[96, 174]
[95, 174]
[94, 175]
[93, 175]
[92, 176]
[91, 176]
[90, 177]
[89, 177]
[88, 178]
[87, 178]
[85, 180]
[84, 180]
[83, 181]
[82, 181]
[81, 182]
[80, 182]
[79, 183]
[78, 183]
[77, 184]
[76, 184]
[75, 185]
[74, 185]
[73, 186]
[72, 186]
[71, 187]
[70, 187]
[68, 189]
[67, 189]
[66, 190]
[65, 190]
[64, 191]
[63, 191]
[62, 192]
[61, 191]
[61, 188]
[62, 187]
[62, 182]
[63, 181]
[63, 176]
[64, 175]
[64, 170]
[65, 169]
[65, 164]
[66, 163]
[66, 159]
[67, 158]
[67, 153]
[68, 152]
[68, 147]
[69, 146]
[69, 141]
[70, 140]
[70, 135]
[34, 99]
[33, 99]
[30, 96]
[32, 94]
[37, 94]
[38, 93]
[44, 93]
[45, 92]
[51, 92]
[52, 91]
[58, 91]
[59, 90]
[65, 90]
[66, 89]
[72, 89]
[73, 88]
[78, 88]
[79, 87]
[86, 87]
[87, 86]
[87, 85]
[88, 84]
[88, 83]
[89, 82]
[89, 81]
[90, 80]
[90, 79]
[91, 78]
[91, 77]
[92, 76]
[92, 75]
[93, 74]
[93, 73]
[94, 72]
[94, 71]
[95, 70]
[95, 69]
[96, 68]
[96, 67]
[97, 66]
[97, 65]
[98, 64]
[98, 63]
[99, 62]
[99, 61]
[100, 60]
[100, 59]
[101, 58]
[101, 56]
[103, 54]
[103, 53]
[104, 52]
[104, 50]
[105, 49]
[105, 48]
[106, 47]
[106, 46]
[107, 45]
[107, 44]
[108, 43]
[108, 42]
[109, 41]
[109, 40]
[110, 39]
[110, 38]
[111, 37]
