0.024 0.449
0.025 0.449
0.026 0.449
0.027 0.449
0.028 0.449
0.029 0.449
0.03 0.449
0.031 0.449
0.032 0.449
0.033 0.449
0.034 0.448
0.035 0.448
0.036 0.448
0.037 0.447
0.038 0.447
0.039 0.447
0.04 0.447
0.041 0.446
0.042 0.446
0.043 0.446
0.044 0.446
0.045 0.445
0.046 0.445
0.047 0.444
0.048 0.444
0.049 0.443
0.05 0.443
0.051 0.442
0.052 0.441
0.053 0.44
0.054 0.44
0.055 0.439
0.056 0.438
0.057 0.438
0.058 0.436
0.059 0.435
0.06 0.433
0.061 0.433
0.062 0.431
0.063 0.43
0.064 0.427
0.065 0.427
0.066 0.424
0.067 0.423
0.068 0.421
0.069 0.419
0.07 0.417
0.071 0.414
0.072 0.413
0.073 0.41
0.074 0.409
0.075 0.406
0.076 0.406
0.077 0.402
0.078 0.401
0.079 0.398
0.08 0.397
0.081 0.394
0.082 0.392
0.083 0.39
0.084 0.387
0.085 0.386
0.086 0.383
0.087 0.382
0.088 0.378
0.089 0.377
0.09 0.374
0.091 0.373
0.092 0.369
0.093 0.368
0.094 0.365
0.095 0.363
0.096 0.36
0.097 0.359
0.098 0.356
0.099 0.353
0.1 0.351
0.101 0.348
0.102 0.347
0.103 0.343
0.104 0.342
0.105 0.338
0.106 0.338
0.107 0.334
0.108 0.333
0.109 0.33
0.11 0.328
0.111 0.325
0.112 0.322
0.113 0.32
0.114 0.317
0.115 0.316
0.116 0.313
0.117 0.312
0.118 0.308
0.119 0.307
0.12 0.303
0.121 0.303
0.122 0.299
0.123 0.298
0.124 0.294
0.125 0.292
0.126 0.29
0.127 0.287
0.128 0.285
0.129 0.282
0.13 0.28
0.131 0.277
0.132 0.276
0.133 0.273
0.134 0.272
0.135 0.268
0.136 0.267
0.137 0.263
0.138 0.262
0.139 0.259
0.14 0.257
0.141 0.254
0.142 0.251
0.143 0.25
0.144 0.247
0.145 0.245
0.146 0.242
0.147 0.241
0.148 0.237
0.149 0.236
0.15 0.232
0.151 0.231
0.152 0.228
0.153 0.227
0.154 0.223
0.155 0.222
0.156 0.219
0.157 0.217
0.158 0.215
0.159 0.211
0.16 0.21
0.161 0.206
0.162 0.206
0.163 0.202
0.164 0.201
0.165 0.197
0.166 0.196
0.167 0.193
0.168 0.191
0.169 0.188
0.17 0.187
0.171 0.184
0.172 0.182
0.173 0.179
0.174 0.176
0.175 0.175
0.176 0.171
0.177 0.17
0.178 0.166
0.179 0.166
0.18 0.162
0.181 0.161
0.182 0.157
0.183 0.156
0.184 0.153
0.185 0.151
0.186 0.148
0.187 0.146
0.188 0.144
0.189 0.141
0.19 0.14
0.191 0.136
0.192 0.135
0.193 0.131
0.194 0.13
0.195 0.126
0.196 0.125
0.197 0.122
0.198 0.12
0.199 0.118
0.2 0.115
0.201 0.113
0.202 0.11
0.203 0.108
0.204 0.105
0.205 0.104
0.206 0.101
0.207 0.1
0.208 0.095
0.209 0.095
0.21 0.091
0.211 0.09
0.212 0.087
0.213 0.086
0.214 0.082
0.215 0.08
0.216 0.078
0.217 0.075
0.218 0.073
0.219 0.07
0.22 0.069
0.221 0.065
0.222 0.064
0.223 0.06
0.224 0.06
0.225 0.056
0.226 0.055
0.227 0.051
0.228 0.051
0.229 0.051
0.23 0.051
0.231 0.051
0.232 0.051
0.233 0.051
0.234 0.051
0.235 0.051
0.236 0.051
0.237 0.051
0.238 0.051
0.239 0.051
0.24 0.051
0.241 0.051
0.242 0.051
0.243 0.051
0.244 0.051
0.245 0.051
0.246 0.051
0.247 0.051
0.248 0.051
0.249 0.051
0.25 0.051
0.251 0.051
0.252 0.052
0.253 0.056
0.254 0.057
0.255 0.06
0.256 0.062
0.257 0.064
0.258 0.067
0.259 0.069
0.26 0.071
0.261 0.073
0.262 0.077
0.263 0.077
0.264 0.081
0.265 0.082
0.266 0.086
0.267 0.086
0.268 0.09
0.269 0.091
0.27 0.094
0.271 0.096
0.272 0.099
0.273 0.101
0.274 0.103
0.275 0.106
0.276 0.107
0.277 0.111
0.278 0.112
0.279 0.115
0.28 0.116
0.281 0.12
0.282 0.12
0.283 0.124
0.284 0.125
0.285 0.128
0.286 0.13
0.287 0.133
0.288 0.135
0.289 0.137
0.29 0.14
0.291 0.142
0.292 0.145
0.293 0.146
0.294 0.149
0.295 0.15
0.296 0.154
0.297 0.155
0.298 0.159
0.299 0.159
0.3 0.163
0.301 0.164
0.302 0.167
0.303 0.17
0.304 0.171
0.305 0.174
0.306 0.176
0.307 0.179
0.308 0.18
0.309 0.184
0.31 0.185
0.311 0.188
0.312 0.189
0.313 0.193
0.314 0.193
0.315 0.197
0.316 0.199
0.317 0.201
0.318 0.204
0.319 0.205
0.32 0.209
0.321 0.21
0.322 0.213
0.323 0.214
0.324 0.218
0.325 0.219
0.326 0.222
0.327 0.223
0.328 0.227
0.329 0.228
0.33 0.231
0.331 0.233
0.332 0.235
0.333 0.238
0.334 0.24
0.335 0.243
0.336 0.244
0.337 0.248
0.338 0.248
0.339 0.252
0.34 0.253
0.341 0.256
0.342 0.258
0.343 0.261
0.344 0.262
0.345 0.265
0.346 0.267
0.347 0.269
0.348 0.272
0.349 0.274
0.35 0.277
0.351 0.278
0.352 0.282
0.353 0.283
0.354 0.286
0.355 0.287
0.356 0.291
0.357 0.292
0.358 0.295
0.359 0.296
0.36 0.299
0.361 0.302
0.362 0.304
0.363 0.307
0.364 0.308
0.365 0.311
0.366 0.312
0.367 0.316
0.368 0.317
0.369 0.32
0.37 0.321
0.371 0.325
0.372 0.326
0.373 0.329
0.374 0.331
0.375 0.334
0.376 0.336
0.377 0.338
0.378 0.341
0.379 0.342
0.38 0.346
0.381 0.347
0.382 0.35
0.383 0.351
0.384 0.355
0.385 0.355
0.386 0.359
0.387 0.36
0.388 0.363
0.389 0.365
0.39 0.368
0.391 0.37
0.392 0.372
0.393 0.375
0.394 0.376
0.395 0.38
0.396 0.381
0.397 0.384
0.398 0.385
0.399 0.389
0.4 0.39
0.401 0.393
0.402 0.394
0.403 0.398
0.404 0.399
0.405 0.402
0.406 0.404
0.407 0.406
0.408 0.409
0.409 0.41
0.41 0.413
0.411 0.414
0.412 0.417
0.413 0.418
0.414 0.421
0.415 0.422
0.416 0.425
0.417 0.426
0.418 0.428
0.419 0.429
0.42 0.431
0.421 0.433
0.422 0.434
0.423 0.436
0.424 0.436
0.425 0.438
0.426 0.439
0.427 0.44
0.428 0.441
0.429 0.442
0.43 0.442
0.431 0.443
0.432 0.443
0.433 0.444
0.434 0.444
0.435 0.444
0.436 0.445
0.437 0.445
0.438 0.446
0.439 0.446
0.44 0.446
0.441 0.446
0.442 0.447
0.443 0.447
0.444 0.447
0.445 0.447
0.446 0.447
0.447 0.448
0.448 0.448
0.449 0.448
0.45 0.449
0.451 0.449
0.452 0.449
0.453 0.449
0.454 0.449
0.455 0.449
0.456 0.449
0.457 0.449
0.458 0.449
0.459 0.45
0.46 0.452
